-1.0374	1.81471
-0.650735	1.20354
-0.563941	1.15191
-0.645597	1.15064
-0.693861	1.15034
-0.521553	0.994222
-0.554834	0.977951
-0.68283	1.18144
-0.525291	1.05212
-1.0881	1.11873
-1.25539	0.873493
-1.21149	1.10446
-1.3334	1.55715
-2.25997	2.28946
-2.11959	2.31188
-1.93174	2.02818
-1.87181	2.07103
-1.73479	1.95595
-1.66929	2.10835
-1.76782	2.48079
-1.75239	2.22994
-1.65907	2.10408
-1.5907	1.85057
-1.66475	2.1744
-1.57204	1.87844
-1.71727	2.17216
-1.65663	1.96741
-1.69572	1.95101
-1.81313	2.05126
-1.6588	1.79353
-1.39875	1.5031
-1.29541	1.29185
-1.31078	1.32095
-1.33766	1.31347
-1.42452	1.44998
-1.38965	1.38137
-1.52365	1.58808
-1.67847	1.81611
-1.7774	1.86146
-1.62556	1.53377
-1.47006	1.46334
-1.4142	1.47044
-1.53385	1.66699
-1.52508	1.61477
-1.44061	1.35935
-1.70851	1.49305
-1.10316	0.561336
-0.188733	0.100482
0.396023	0.320938
0.601742	0.447325
0.614776	0.661984
0.660055	0.945103
0.636248	1.07425
0.108228	0.851216
-0.0555868	0.80351
-0.491533	0.809109
-1.30209	1.25717
-2.23339	2.58518
-2.24823	2.88439
-2.31962	3.11493
-2.30777	2.98303
-2.4752	3.32978
-2.14703	2.30329
-2.03296	2.03936
-1.6291	1.5772
-0.658786	0.447031
-0.493709	0.238834
-1.03606	0.781692
-1.08576	1.09437
-1.21892	1.4733
-1.03104	1.1282
-0.897244	0.919397
-0.966847	1.01437
-0.547567	0.699991
0.332118	0.760467
-0.200609	0.498876
-0.285482	0.640855
-0.381941	0.393703
-0.439265	0.546029
-0.363803	0.511565
-0.271681	0.453932
-0.264578	0.497333
-0.313438	0.526929
-0.36266	0.591205
-0.445217	0.705754
-0.554649	0.875609
-0.76312	1.13429
-1.1524	1.56337
-1.65264	2.10673
-1.78338	1.84068
-1.81564	1.77474
-2.03632	2.21692
-2.15062	2.69524
-1.91689	2.14529
-1.87499	2.13627
-1.74959	1.89583
-1.85446	2.20053
-1.90479	2.35664
-2.08127	2.48254
-1.74092	1.50765
-0.992034	0.984399
-0.461695	0.911694
-0.545478	0.876441
-0.736497	1.07874
-0.818875	1.15846
-0.870788	1.22433
-0.774391	0.947485
-0.729286	1.06235
-0.898467	0.978407
-1.70889	1.36708
-2.32515	3.00472
-2.37715	3.1923
-1.83873	2.24998
-2.16279	3.13792
-2.38056	3.27085
-2.3632	3.15332
-2.1767	2.72486
-1.7914	1.88598
-1.90903	2.30035
-1.74105	1.99134
-1.70743	1.84847
-1.52769	1.48117
-1.55567	1.56321
-1.59895	1.45547
-1.62245	1.31783
-1.42017	0.982405
-1.34884	0.917567
-1.32633	0.879073
-1.27137	0.790803
-1.30869	0.774141
-1.40939	0.988306
-1.58839	1.59278
-1.80336	2.18096
-1.74265	2.04021
-1.42866	1.46582
-1.37184	1.37403
-1.31705	1.27527
-1.2643	1.18112
-1.2005	1.05652
-1.19533	1.15325
-1.32095	1.33727
-1.87544	2.35619
-1.90012	2.37151
-1.7411	1.83053
-1.73663	1.80669
-1.73707	1.77297
-1.75119	1.76861
-1.73047	1.54531
-1.78783	1.55401
-1.80789	1.47535
-1.78132	1.31924
-1.75637	1.25202
-1.83738	1.18076
-1.88703	1.2619
-1.78645	1.09762
-1.74145	1.17735
-1.99168	2.04137
-2.36074	3.06726
-2.03624	1.92444
-1.98147	1.83876
-2.33586	2.77444
-2.17966	2.66715
-1.84789	1.82319
-1.72891	1.68825
-1.56006	1.16423
-1.65648	1.2059
-1.45398	0.614026
-1.41989	0.455571
-1.52593	0.791507
-1.7073	1.09637
-1.84962	1.50845
-1.55254	1.38304
-1.23807	1.18496
-1.10212	1.22817
-0.951836	1.05899
-1.03404	1.26191
-0.938201	1.11877
-0.688417	0.95334
-0.578878	0.983353
-0.672317	0.883347
-0.498777	0.808279
-0.553267	0.862751
-0.428694	0.820381
-0.353036	0.901682
-0.445713	0.817746
-0.779069	1.05591
-0.538372	0.733369
-0.620235	0.867188
-0.600634	0.850194
-0.542198	1.04524
-0.630857	1.01899
-0.655525	0.900056
-1.08652	0.949453
-1.28998	0.741719
-1.1607	0.513172
-1.05709	0.264669
-0.568945	-0.387841
-0.498748	-0.139177
-0.18113	-0.168995
-0.211481	-0.125311
-0.704838	0.278806
-1.21503	1.15177
-1.41032	1.41805
-1.46703	1.54521
-1.69434	1.99708
-1.62846	1.88583
-1.65498	1.91202
-1.6675	1.93354
-1.80545	2.12985
-2.19725	2.84314
-1.49367	1.43584
-0.812687	0.752392
-0.580782	0.478092
-0.485768	0.496788
-0.234449	0.620317
-0.122781	1.00614
-0.468606	0.964249
-0.559236	0.756088
-1.71466	1.4617
-1.96635	2.17742
-1.66245	1.62493
-1.55773	1.39439
-1.42686	1.06025
-1.45986	0.991988
-1.54642	1.26015
-1.27872	1.12748
-1.2611	1.0607
-1.32561	1.10064
-1.22827	0.941055
-1.26692	1.01138
-1.31933	1.04242
-1.31749	1.06468
-1.33996	1.05858
-1.53585	1.0856
-1.68108	1.26776
-1.7238	1.26314
-1.61999	1.06411
-1.57484	0.879551
-1.59134	1.06144
-1.60554	1.22611
-1.60359	1.41823
-1.57546	1.63654
-1.71336	2.01819
-1.71862	2.07951
-1.84657	2.40232
-1.83164	2.37833
-1.75938	2.2375
-1.62706	1.97183
-1.70343	2.24863
-1.87042	2.75382
-1.93314	2.73833
-1.64977	1.97893
-0.863418	0.748956
-0.68488	0.662809
-0.211728	0.01909
0.145677	-0.0868914
0.141299	-0.185005
0.307979	-0.0986595
0.0181414	-0.154974
-0.0949843	0.116253
-0.470052	0.399035
-0.741744	0.766926
-0.868821	0.867158
-1.23991	1.00648
-1.64155	1.80163
-1.76611	2.10025
-1.8499	2.22558
-1.99117	2.55864
-1.99491	2.63083
-1.91954	2.42533
-1.97415	2.46688
-2.22955	2.68866
-2.26522	2.67333
-2.15779	2.43108
-1.93256	2.04478
-1.79378	1.86114
-1.74515	1.82732
-2.05162	2.66461
-2.12511	2.72961
-2.17196	2.88793
-2.07984	2.52066
-1.87866	2.02846
-1.63281	1.55631
-1.52677	1.4154
-1.23992	1.35035
-0.71555	1.26615
-0.354097	0.313816
-0.254133	0.334712
0.00716764	0.41393
0.0383036	0.193654
-0.018282	0.0661053
-0.644299	0.0834879
-1.22072	0.655712
-1.54338	1.25076
-1.75247	1.63365
-1.68731	1.55805
-1.77201	2.02251
-1.60248	1.62875
-1.50578	1.54006
-1.42785	1.4581
-1.43464	1.66619
-1.36275	1.57908
-1.37912	1.54321
-1.1261	1.11624
-0.94005	0.602562
-0.943925	0.376027
-1.30315	0.838423
-1.43104	1.31266
-1.36636	1.26774
-1.46904	1.42481
-1.56577	1.50323
-1.59632	1.43494
-1.67931	1.49844
-1.59363	1.30752
-1.52223	1.17382
-1.42502	1.17011
-1.37947	0.940688
-1.42654	1.15497
-1.36856	1.00141
-1.22802	1.0353
-1.40839	1.35075
-1.06189	1.04637
-1.0266	0.957092
-0.240743	0.221046
0.169208	-0.0277254
0.860938	0.331059
0.829295	0.644102
0.726015	0.733323
1.15805	1.25701
1.09835	0.955366
1.05921	0.800324
0.959448	0.719343
0.909303	0.858377
0.876467	1.0617
0.848161	0.922051
0.800936	0.58343
0.539759	0.575587
0.468912	0.674506
0.383868	0.503094
0.387264	0.609499
0.304125	0.38154
0.0615178	0.624661
-0.255107	0.774193
-0.428346	0.859583
-0.608463	1.09739
-0.829155	1.2904
-0.660486	1.08778
-0.728402	0.983873
-0.604712	0.943101
-0.870668	1.13415
-0.536396	1.0269
-0.366489	0.933358
-0.435448	0.980758
-0.448552	1.0869
-0.351314	0.942506
-0.456349	0.931989
-0.5018	0.933128
-0.230928	0.871996
-0.526067	1.16472
-0.584683	1.37073
-0.705031	1.65973
-0.680071	1.33123
-1.28203	1.37675
-1.72252	2.32564
-1.51423	1.97575
-1.43546	1.74806
-1.44457	1.71109
-1.41201	1.54337
-1.49303	1.61589
-1.57106	1.72294
-1.614	1.7864
-1.59495	1.76148
-1.5346	1.68191
-1.55674	1.75546
-1.4124	1.49334
-1.41704	1.53441
-1.37956	1.48317
-1.33863	1.40099
-1.33262	1.34402
-1.44439	1.44859
-1.35444	1.33795
-1.23472	1.28521
-1.29293	1.2745
-1.33312	1.38743
-1.426	1.49978
-1.43983	1.66496
-1.18109	1.54009
-0.792589	0.965541
-0.672658	0.806314
-0.644012	0.754824
-0.606839	0.619754
-0.533739	0.488774
-0.583936	0.479952
-0.952039	0.722892
-1.09097	0.725381
-0.688076	0.126725
-0.275597	-0.13149
-0.279039	-0.155236
-0.504032	-0.0360284
-1.05116	0.369794
-1.80239	1.68941
-1.73519	1.978
-1.41734	1.49754
-1.26024	1.27441
-1.22157	1.15686
-1.28476	1.2063
-1.24317	1.04143
-1.51086	0.955309
-1.56631	1.26478
-1.56161	1.4569
-1.32454	1.15097
-1.04031	1.03805
-1.03918	1.11816
-1.09332	1.19797
-1.12453	1.44668
-0.944032	1.07026
-0.972581	1.10576
-1.08233	1.30755
-0.931027	1.04743
-0.721705	0.904786
-0.558235	0.476857
-1.78729	1.96262
-1.7176	2.00845
-1.47002	1.60387
-1.48171	1.67654
-1.50291	1.83404
-1.56653	2.01619
-1.5463	1.89353
-1.66873	2.05798
-1.67815	1.92139
-1.90095	2.16737
-1.94533	2.02945
-2.0122	1.9594
-1.9691	1.68623
-1.9455	1.65137
-1.9631	1.6228
-1.89738	1.47666
-1.94458	1.5371
-1.75681	1.31137
-1.87478	1.92356
-1.93126	2.26284
-1.93385	2.34709
-1.66443	1.85379
-1.39299	1.5047
-1.27426	1.3849
-1.37638	1.6926
-1.15113	1.45322
-1.06875	1.33007
-1.03865	1.3221
-1.08188	1.25543
-1.15953	1.41101
-1.2859	1.73735
-1.33684	1.77125
-1.20427	1.47629
-1.27333	1.46001
-1.47115	1.63668
-1.5251	1.48032
-1.56576	1.26747
-1.44115	0.843653
-1.35369	0.513238
-1.25843	0.225456
-1.23597	0.227918
-1.3777	0.428453
-1.31797	0.420763
-1.11422	0.420028
-0.99919	0.602049
-1.08202	0.979753
-1.12231	1.1234
-0.946423	0.849585
-0.875356	0.710723
-0.731447	0.550067
-0.722876	0.492934
-0.822963	0.751681
-1.09226	1.13255
-1.24091	1.327
-1.29753	1.17515
-1.0148	0.824903
-1.19804	0.986363
-1.34259	1.31927
-1.47698	1.59616
-1.27217	1.33659
-1.27866	1.35803
-0.871187	0.985963
-0.681268	0.72928
-0.798445	1.01905
-0.694423	0.904962
-0.651941	0.983377
-0.707336	0.990689
-0.690171	1.32891
-0.608702	1.0279
-0.640511	1.0601
-0.75715	1.30205
-0.596425	1.04901
-0.576344	1.05641
-0.705154	0.988779
-0.756835	1.07831
-0.64994	1.13714
-0.388181	0.767835
-0.608513	1.15855
-0.382084	1.0255
-0.770015	1.03972
-1.10957	0.881405
-1.72702	1.69563
-1.7303	1.75874
-2.08476	2.49674
-2.17059	2.48043
-1.98158	1.90067
-2.03158	2.00725
-1.81661	1.69671
-1.64831	1.43711
-1.65064	1.57372
-1.50427	1.37915
-1.52757	1.62062
-1.51924	1.81994
-1.8955	2.78453
-2.18577	3.35763
-1.75394	2.19244
-1.47241	1.62444
-1.54579	1.7163
-1.50966	1.60287
-1.61024	1.88749
-1.63663	1.84956
-1.59511	1.60487
-0.951304	1.83332
-1.35464	2.11323
-2.11283	3.29088
-2.1022	3.18256
-1.95168	2.55994
-2.14999	3.08078
-1.93494	2.56167
-1.80417	2.21397
-1.61346	1.7837
-1.52613	1.64244
-1.40174	1.42552
-1.17807	1.02823
-1.20736	1.07433
-1.17287	1.02395
-1.07939	0.929963
-0.884631	0.662576
-0.801819	0.397388
-0.937847	0.622919
-0.793234	0.78627
-0.82315	0.891301
-0.917727	0.769991
-0.842013	0.642131
-0.622357	0.66613
-0.80627	0.834254
-0.977528	0.960841
-1.25683	1.31656
-1.35154	1.3079
-1.49054	1.47604
-1.48219	1.27009
-1.70128	1.56033
-1.87833	1.77952
-1.96168	1.91905
-1.65951	1.48357
-1.56827	1.45756
-1.32338	1.01911
-1.39076	1.37409
-1.78471	1.86472
-1.81492	1.84001
-1.60841	1.48726
-1.43473	1.31805
-1.63613	2.03109
-1.49229	1.84438
-0.803197	0.919056
-1.32471	1.51771
-1.2755	1.52789
-1.39633	1.78083
-1.53285	1.81124
-1.43914	1.63971
-1.30038	1.30652
-1.14205	1.44178
-1.12	1.83349
-1.0029	1.55392
-0.786248	1.11134
-1.52535	2.07237
-1.04943	1.34248
-1.22159	1.60122
-1.20221	1.57087
-1.30681	1.66494
-1.28653	1.49192
-1.452	1.70584
-1.28949	1.51284
-1.26282	1.57289
-0.908231	1.3481
-0.640241	1.34576
-1.2123	1.17292
-1.74346	2.4721
-1.53459	2.17837
-1.82266	2.65282
-1.78656	2.58526
-1.41619	1.81472
-1.17973	1.38225
-1.09422	1.26041
-0.996048	1.1424
-0.815561	0.833507
-0.750623	0.686508
-0.459607	0.391445
-0.307036	0.280126
-0.199461	0.140638
-0.186001	0.170247
-0.159213	0.151073
-0.190928	0.228429
-0.301519	0.371244
-0.568412	0.61426
-0.801032	0.895357
-0.828053	0.968355
-0.873656	1.02694
-0.966203	1.12291
-1.18959	1.41159
-1.55383	1.91598
-1.42633	1.5928
-1.57401	1.79186
-1.59032	1.74516
-1.58648	1.75417
-1.86176	2.15748
-1.91585	2.30786
-1.84352	2.12945
-1.82724	1.96663
-1.65139	1.46783
-1.5718	1.48291
-1.1465	0.871338
-1.02928	0.988669
-0.979391	1.56406
-1.13148	1.72048
-1.57197	2.09354
-1.40677	1.88467
-1.57279	2.19101
-1.48344	1.9568
-1.13542	1.35959
-1.10887	1.10441
-0.849626	0.465467
-0.727778	0.380068
-0.321891	-0.024867
0.0554618	-0.148375
0.177193	-0.017011
0.00789534	-0.22587
-0.674011	0.210187
-0.827141	0.690913
-1.00792	0.854714
-1.14463	1.1881
-1.06299	1.24905
-0.990825	1.18579
-1.06437	1.28803
-1.23357	1.55373
-1.50842	1.98924
-1.53342	1.84891
-1.45752	1.73911
-1.53106	1.79356
-1.69806	2.05826
-1.61848	1.64148
-1.59947	1.53492
-1.73384	1.87108
-1.74339	1.79323
-1.56269	1.5647
-1.01521	1.13353
-1.00606	1.22136
-0.789375	0.886091
-0.785281	0.815255
-1.44241	1.16238
-1.60957	1.75411
-1.40104	1.55838
-1.38706	1.63166
-1.36925	1.71464
-1.32394	1.69633
-1.26872	1.52425
-1.47932	1.70707
-1.90387	2.49173
-1.85135	2.37569
-1.88283	2.50993
-1.69671	1.87338
-1.74636	1.93969
-1.79491	1.98163
-1.63957	1.6409
-1.22758	1.15993
-0.954159	1.22541
-0.903964	1.71125
-1.05592	1.62378
-2.08569	2.82501
-1.78329	2.37133
-1.6786	2.27112
-1.61513	2.14846
-1.59159	2.02672
-1.52325	1.82549
-1.52805	1.70248
-1.63702	1.65345
-1.67984	1.47339
-1.58394	1.18884
-1.11875	0.607046
-1.22247	0.696654
-1.18674	0.745462
-1.12855	0.677403
-1.1765	0.783039
-1.25213	0.835367
-1.56415	1.70317
-1.72484	2.05231
-1.63046	1.68846
-1.63599	1.41882
-1.63521	1.56125
-1.63036	1.39974
-1.64129	1.61011
-1.3836	1.82962
-0.832651	1.54434
-0.0705111	1.06675
0.680712	0.963628
1.07761	1.04199
0.940106	0.757867
0.967194	0.72091
0.683649	0.708993
0.596311	0.712267
0.34247	0.48095
-0.0210795	0.380278
-1.15896	1.06944
-0.957662	1.16527
-0.864486	1.06284
-0.763944	0.904776
-0.64103	0.697958
-0.906726	0.706116
-0.931206	1.03487
-0.829668	0.899976
-0.671388	0.98052
-0.592119	1.06958
-0.759715	1.1379
-0.859054	1.03826
-0.697847	1.22642
-0.692457	0.951479
-1.70746	1.96175
-1.85612	2.08735
-1.96025	2.09434
-1.99771	2.15571
-1.8552	1.75453
-1.57175	1.29491
-1.74464	1.52553
-1.83514	1.85891
-1.79535	1.80287
-1.69471	1.53834
-1.7113	1.62803
-1.74273	1.8345
-1.71855	1.74462
-1.57315	1.34312
-1.50014	1.26116
-1.2555	1.06259
-0.865193	0.77267
-0.913841	0.913532
-0.79666	1.02418
-0.557145	0.887286
-0.619765	0.975094
-0.70111	1.14789
-0.641555	1.10551
-0.488919	0.879947
-0.793955	1.15145
-0.568218	0.987812
-0.513555	0.900155
-0.825251	1.17252
-0.574054	1.01263
-0.539887	0.901821
-0.691489	1.04523
-0.638661	1.16095
-0.61415	0.900752
-1.43288	1.04342
-2.10722	1.77095
-2.05538	1.84826
-1.76651	1.22091
-1.60777	1.17677
-1.77408	1.89332
-1.98877	2.25319
-2.07234	2.0892
-1.77969	1.63657
-1.61265	1.4018
-0.952222	1.10586
-0.23951	1.54058
-0.1453	1.11589
0.443042	0.694867
1.01293	1.16836
0.880712	0.946931
0.67257	0.76305
0.638024	0.712305
-0.278448	-0.0369455
-1.25763	1.07739
-0.939916	0.688385
-0.900339	0.633623
-0.941651	0.642563
-1.09235	0.81339
-1.33008	0.803945
-1.27957	0.81701
-1.18242	0.855895
-0.930668	0.765786
-0.350103	0.734338
-0.729086	0.755295
-1.46882	1.54468
-1.18711	1.2728
-1.03066	1.18157
-0.787185	0.793083
-0.947048	0.714964
-1.56501	1.65851
-1.50194	1.66304
-0.882438	0.725987
-0.229816	0.501629
-0.236298	0.55464
-0.561001	0.839917
-0.908781	1.07703
-1.20163	1.24654
-1.46135	1.42938
-1.57956	1.30021
-1.70297	1.28809
-1.89451	1.54483
-1.89775	1.65267
-1.86245	1.85502
-1.69225	1.63281
-1.38623	1.20332
-1.11517	0.874068
-0.610817	0.718199
-0.361863	0.789837
-1.18712	1.52035
-2.16296	2.57907
-2.31666	3.00662
-2.1837	2.57487
-2.04017	2.63798
-2.18926	3.0785
-2.06438	2.83084
-1.9135	2.47899
-1.81427	2.20282
-1.96914	2.61087
-1.86259	2.28672
-1.93618	2.48044
-1.89986	2.38934
-1.84995	2.33181
-1.77778	2.16837
-1.52822	1.6391
-1.25467	1.1982
-1.03387	0.739095
-1.04978	0.667662
-1.04666	0.660976
-1.097	0.875558
-0.997596	0.841259
-1.05993	0.964602
-1.11895	1.05012
-1.24332	1.23547
-1.41219	1.48293
-1.67956	1.91892
-1.70197	2.01077
-1.49759	1.60295
-1.64203	1.76772
-1.78031	1.90469
-1.74557	1.92205
-1.69502	1.8982
-1.78345	2.11488
-1.74443	2.0307
-1.93646	2.34545
-1.60798	1.31601
-0.0198204	-0.225388
0.640175	0.333306
0.416275	0.50453
0.19884	0.556131
0.465712	0.685765
-0.0551915	0.744111
-0.537349	0.794411
-0.658564	0.790373
-0.568795	0.742075
-0.628293	0.972597
-0.539342	0.87697
-0.561233	0.951478
-2.13233	2.51532
-2.16691	2.90397
-2.10442	2.88358
-2.17062	3.12151
-2.28556	3.49724
-1.89986	2.38768
-1.7479	1.89257
-1.62043	1.64997
-1.58869	1.25396
-1.8017	1.43315
-1.4564	1.04778
-1.55509	1.3832
-1.42175	1.46693
-1.15727	1.27917
-0.0481104	0.724951
0.0333311	0.661337
-0.450185	0.306099
-0.897264	0.663283
-0.947717	1.21952
-1.0719	1.71086
-1.83273	2.1448
-2.30179	3.20388
-2.17087	2.75973
-1.96671	1.98358
-1.97038	1.74893
-1.83886	1.35516
-1.73146	1.19
-1.84843	1.53538
-1.86942	1.54872
-1.72175	1.28488
-1.67183	1.26799
-1.57421	1.18765
-1.45274	1.03681
-1.48716	1.17518
-1.51731	1.1783
-1.62746	1.45232
-1.7401	1.80058
-1.73689	1.87176
-1.77826	2.21031
-1.58329	1.81738
-1.44825	1.48324
-1.61003	2.03766
-1.632	2.06101
-1.57958	1.98754
-1.59631	2.07409
-1.23448	1.3233
-1.40367	1.56412
-1.18418	1.08771
-1.02209	0.75338
-1.02134	0.780835
-1.15898	0.978082
-1.25701	1.09691
-1.31083	1.00176
-1.37266	1.03444
-1.33976	1.00332
-1.49333	1.22809
-1.45501	1.13018
-1.54726	1.18749
-1.6362	1.28629
-1.76773	1.45666
-1.93642	1.64751
-1.73488	1.34603
-1.42352	1.27257
-1.35826	1.47907
-0.981404	1.13569
-0.844772	1.09083
-0.926474	1.25685
-0.698036	0.835613
-0.828588	0.895956
-0.933652	1.10271
-0.715504	0.785697
-0.65089	0.807651
-0.471644	0.678125
-0.563043	0.82182
-0.484717	0.929834
-0.487403	0.974696
-0.547009	0.966142
-0.547736	1.05831
-0.4386	0.919243
-0.522102	1.0124
-0.610124	0.827173
-0.540667	0.950863
-0.340088	0.666213
-0.152068	0.972298
-0.233939	1.08897
-0.231358	0.773982
-0.135215	0.695129
-0.161754	0.836379
-0.062414	0.799247
-0.162799	1.10326
-0.308025	0.949671
-0.932545	0.843632
-0.604846	0.718257
-0.510788	0.449917
-0.724388	0.687926
-1.36219	1.1391
-1.465	1.28666
-1.3639	1.14578
-1.40966	1.23654
-1.55457	1.50795
-1.58172	1.4848
-1.58529	1.49901
-0.91328	0.32806
-0.683849	-0.120263
-0.428669	-0.182366
-0.303869	-0.198545
-0.871812	0.374838
-1.31893	0.601423
-1.3907	1.02337
-1.41603	1.39842
-1.22744	1.21024
-1.22508	1.26648
-1.37935	1.50905
-1.56578	1.88489
-1.74297	2.0663
-1.80732	2.21571
-1.75871	2.33276
-1.53041	2.13266
-1.17322	1.5165
-0.898555	1.15564
-0.791255	1.00683
-0.496151	0.61661
-0.322106	0.360596
-0.17073	0.0459883
-0.15676	-0.154218
-0.451309	-0.0622159
-0.979494	0.505929
-1.18561	0.756629
-1.3781	1.12554
-1.38171	1.17927
-1.45682	1.11025
-1.1977	0.849847
-0.685441	0.629906
-0.123403	0.309889
0.221667	-0.111105
-0.115102	0.00512391
-1.08851	0.69945
-1.10615	1.03338
-0.981218	0.905063
-0.955793	0.942598
-0.953808	0.938195
-0.958802	0.914523
-1.0038	0.992034
-0.951299	0.864094
-0.925111	0.67957
-0.945579	0.635141
-1.19	1.18774
-1.45566	1.62589
-1.40551	1.49542
-1.41476	1.57841
-1.38295	1.47443
-1.42969	1.46337
-1.42486	1.42182
-1.56074	1.55215
-0.83029	0.294977
-0.554873	0.138939
-0.322539	0.0851317
-0.233421	-0.0397101
-0.553279	0.137313
-0.388182	0.195424
-0.459335	0.309635
-0.596986	0.135012
-1.32691	0.802441
-1.89153	2.01787
-1.76331	1.90649
-1.72456	1.80771
-1.62898	1.60511
-1.583	1.50316
-1.61915	1.61273
-1.4726	1.57695
-1.38618	1.37982
-1.53674	1.58844
-1.87318	1.9516
-1.98251	2.37813
-1.95878	2.37753
-1.77409	2.11669
-1.6144	2.05549
-1.40322	1.80273
-1.29978	1.74119
-1.20086	1.53763
-1.08186	1.24315
-1.04841	0.945876
-1.52721	1.29722
-1.80304	1.78964
-1.56147	1.50828
-0.819955	0.560468
-0.636231	0.512702
-0.36019	0.391596
-0.136309	0.214532
-0.489917	0.221922
-0.897524	0.454392
-1.22753	0.80924
-1.38107	1.23851
-1.47817	1.29718
-1.7967	1.90984
-1.7449	1.9004
-1.66648	1.69507
-1.43839	1.30826
-1.2631	1.10949
-1.2516	1.20803
-1.38269	1.45881
-1.3956	1.42159
-1.30327	1.29665
-1.63849	1.91732
-1.56831	1.76842
-1.60708	1.74951
-1.47026	1.4593
-1.28984	1.146
-1.30029	1.17111
-1.6635	1.98729
-1.62288	1.77183
-1.60911	1.64997
-1.90016	2.0969
-1.77516	1.28655
-1.75326	0.878209
-1.67246	0.472266
-1.71972	0.691462
-1.7031	0.697628
-1.67697	0.853901
-1.6301	0.907392
-1.64091	0.990342
-1.60346	1.27452
-1.45725	1.22512
-1.32389	1.16238
-1.36145	1.35111
-1.32441	1.3672
-1.21077	1.24792
-1.07282	1.00806
-1.03978	0.734592
-1.21525	0.677141
-1.03035	0.327367
-1.30615	0.702905
-1.61967	1.40774
-1.36316	0.84064
-1.33421	0.790399
-1.44226	1.06027
-1.36459	0.848354
-0.734694	0.972867
-0.719536	1.13951
-1.17368	1.24506
-1.71837	1.5976
-1.33398	1.00628
-1.25181	0.947433
-1.19691	0.690957
-1.29241	0.789393
-1.37255	0.78606
-1.67816	0.959136
-1.75898	1.27389
-1.63716	1.35832
-1.43457	1.11062
-1.37439	1.18845
-1.30257	1.15412
-1.29853	1.22622
-1.30836	1.30426
-1.2543	1.24476
-1.37892	1.57558
-1.42813	1.64837
-1.57951	1.73643
-1.25313	1.20181
-0.653694	0.49948
-1.27704	0.791742
-1.85072	1.81783
-1.56278	1.29834
-0.734345	0.18485
-0.668288	-0.036892
-0.800088	-0.119101
-0.829733	0.0829738
-0.48942	-0.155443
-0.371447	-0.00301517
-0.365835	0.0395206
-0.302057	0.119299
-0.14899	-0.0395637
-0.0793624	0.158958
0.221776	0.0988256
-0.281081	-0.0881434
-0.801185	0.0586443
-0.935062	0.391507
-1.01608	0.356154
-1.18063	0.553607
-1.45766	1.0116
-1.7374	1.3837
-1.77488	1.67248
-1.59537	1.50185
-1.50312	1.51458
-1.46715	1.39044
-1.4906	1.51314
-1.49635	1.51631
-1.40892	1.33159
-1.57697	1.629
-1.62827	1.78053
-1.7514	1.93668
-1.96859	2.37217
-1.81276	1.83585
-2.01589	2.66391
-2.14563	3.20043
-1.80483	2.29515
-1.6101	1.84138
-1.50974	1.53391
-1.25215	0.921534
-1.03913	0.562185
-1.07151	0.692973
-1.0796	0.715913
-1.12187	0.760249
-1.15357	0.751634
-1.21646	0.765709
-1.21856	0.718187
-1.3301	0.795018
-1.48359	1.01591
-1.6196	1.16384
-1.6763	1.13314
-1.84609	1.47192
-1.59549	1.20141
-1.54913	1.3516
-1.58385	1.5369
-1.4375	1.23779
-1.36518	1.12046
-1.3216	1.01917
-1.57384	1.25492
-1.65803	1.38515
-1.51081	1.37856
-1.4063	1.43384
-1.43238	1.64188
-1.36186	1.68472
-1.60919	2.31312
-1.72733	2.26238
-2.02319	2.59255
-1.83294	2.36777
-1.7143	2.28259
-1.54229	2.00911
-1.68263	2.41799
-1.70011	2.55611
-1.68825	2.54989
-1.63725	2.28563
-1.67338	2.09089
-1.74083	1.71013
-1.73651	1.6318
-1.67571	1.54324
-1.7778	1.53054
-1.76044	1.38148
-1.73032	1.63755
-1.70075	1.36198
-1.98821	1.88878
-1.60899	1.21469
-1.47521	1.00845
-1.46024	1.69104
-1.44217	1.45838
-1.21579	1.333
-1.10774	1.23823
-1.08783	1.22365
-0.922772	0.989823
-0.843648	0.824331
-0.808974	0.716715
-0.780948	0.601643
-1.01858	0.757145
-1.44557	1.34761
-1.64075	1.69103
-1.63319	1.56738
-1.52635	1.36754
-1.43689	1.09719
-1.55516	1.29655
-1.51321	1.18993
-1.58284	1.37349
-1.57796	1.28714
-1.47672	1.22963
-1.06349	1.01869
-0.828271	1.02649
-0.623972	0.731725
-1.0654	0.873729
-1.71572	2.04052
-1.76101	2.10706
-1.42696	1.32932
-1.16777	0.846202
-1.06969	0.965703
-0.968276	0.886317
-1.32365	1.20531
-1.23458	0.971666
-1.57666	1.21078
-1.30164	1.24511
-1.4328	1.26117
-1.43347	1.33691
-1.51182	1.41377
-1.70196	1.87086
-1.59642	1.63809
-1.5729	1.57116
-1.40382	1.1879
-1.42287	1.18491
-1.34164	1.02744
-1.38425	1.11365
-1.44812	1.26355
-0.883234	0.423433
-0.225445	-0.117145
0.823064	-0.116413
-0.607247	0.886156
-0.785494	1.00331
-0.775389	1.16351
-0.758124	0.934422
-0.786861	1.19233
-0.763295	1.32145
-0.592422	0.939154
-0.603617	0.818871
-1.10852	0.951004
-0.991718	0.470107
-1.04719	0.395494
-0.869003	0.341587
-0.748933	0.348101
-0.518249	0.131593
-0.525006	0.256165
-0.578752	0.403689
-0.693339	0.500463
-0.82111	0.695081
-0.833403	0.715267
-0.833009	0.754155
-0.815242	0.651014
-0.79363	0.407162
-0.54196	0.100982
-0.175097	-0.021759
0.436974	-0.108778
0.531754	-0.0720856
0.509179	0.0760656
0.113317	0.0535576
-0.22576	-0.0434944
-0.45306	0.226404
-0.377693	0.33941
-0.366947	0.441754
-0.474262	0.563209
-0.546855	0.661864
-0.556292	0.733751
-0.584995	0.729622
-0.665149	0.658088
-0.976236	0.719096
-1.50455	1.63937
-1.55153	1.76988
-1.67036	1.96125
-1.7888	2.20467
-1.81287	2.25813
-1.84793	2.26137
-1.87758	2.21877
-1.62112	1.54452
-1.42986	1.11833
-1.16147	1.7866
-1.51199	2.03239
-1.74949	2.17778
-1.54961	1.79759
-1.55764	1.70266
-1.60569	1.67551
-1.42134	1.1798
-1.29509	0.922765
-1.23532	0.770758
-1.28865	0.903801
-1.43224	1.31044
-1.65148	1.92574
-1.63071	1.92235
-0.840412	0.80031
-0.262496	0.656515
-0.290276	0.782556
-0.0451998	0.772852
0.153552	0.81081
0.169574	1.02648
-0.00257346	1.10318
-0.186565	1.13559
-0.213853	1.25341
-0.897458	1.09706
-1.1814	1.54409
-0.767648	0.988167
-0.507893	0.670813
-0.602967	0.672397
-0.817136	0.668711
-0.686567	0.321016
-0.856619	0.635159
-1.08372	0.752326
-1.15548	0.872483
-1.18186	0.915592
-1.19067	0.915085
-1.23492	0.872609
-1.1868	0.718679
-1.1455	0.501645
-1.16479	0.395358
-1.27759	0.507951
-1.38649	0.700946
-1.50725	1.02795
-1.53915	1.15242
-1.68318	1.54897
-1.59657	1.60384
-1.61045	1.64834
-1.52993	1.51125
-1.43327	1.28819
-1.29451	0.950226
-1.02155	0.629547
-1.24543	0.779375
-1.75453	1.69575
-1.73858	1.69731
-1.62968	1.40257
-1.55675	1.24519
-1.41902	1.17516
-1.33408	1.12884
-1.39578	1.19425
-1.53197	1.38965
-1.62703	1.47111
-1.709	1.75754
-1.57611	1.72398
-1.30268	1.29187
-1.05577	0.933966
-0.893489	0.717728
-0.81983	0.606923
-0.779021	0.629962
-0.899443	0.715446
-1.01385	0.615964
-0.24672	-0.0181435
0.0172107	0.159379
0.197397	0.269295
0.26398	0.25436
0.193491	0.388925
-0.404241	0.702984
-0.628042	0.477144
-0.594187	0.782273
-0.460021	0.723512
-0.538247	0.72384
-0.622071	0.806855
-0.761599	0.699482
-0.875252	0.493985
-1.46325	1.39077
-1.22725	0.97143
-1.23243	0.944484
-1.23501	0.811588
-0.927325	0.401808
-1.02881	0.464418
-1.17476	0.478672
-1.08805	0.334097
-1.19773	0.432986
-0.815027	0.463241
0.0770044	0.283362
0.396357	0.674913
0.036741	0.590516
-0.109799	0.43542
0.0748941	0.0981783
0.51542	0.164663
0.426314	0.0852848
0.189968	0.21781
0.252644	0.366117
0.0751294	0.259163
-0.394511	0.25265
-1.30361	1.0441
-1.43799	1.41438
-1.5902	1.643
-1.76423	1.91212
-2.00292	2.26378
-2.02424	2.02877
-1.96142	1.79011
-2.07455	1.93309
-1.94083	1.53864
-1.72229	1.02358
-1.71914	1.03533
-1.64715	0.864026
-1.65502	0.850696
-1.55949	0.736183
-1.49148	0.658458
-1.37498	0.514219
-1.32066	0.442614
-1.34593	0.541509
-1.52936	0.996016
-1.527	0.99932
-1.40264	0.765279
-1.40435	0.758251
-1.37278	0.639857
-1.42743	0.99282
-1.43556	1.01515
-1.39114	0.924337
-1.27943	0.912203
-1.26775	1.00951
-1.06348	0.671347
-0.928667	0.574159
-0.767204	0.609156
-1.01348	0.920651
-0.818569	0.88974
-0.677655	0.883816
-0.895055	1.16201
-0.844218	0.900406
-0.91585	1.00446
-1.00558	1.13907
-1.04582	1.0919
-1.22254	1.43313
-1.03582	1.25574
-0.342147	1.01129
-0.461437	0.785891
-0.7038	1.01114
-0.523107	1.01266
-0.606934	1.06548
-0.518711	1.15318
-0.732385	1.25877
-0.622433	1.03762
-0.541609	1.08785
-0.428525	1.18123
-0.5151	1.3035
-0.551249	1.18941
-0.566676	1.08815
-0.408968	0.932259
-0.638134	0.982702
-0.583227	1.00041
-0.254489	0.993184
0.271616	0.632972
-0.0949037	0.824618
0.481512	0.570065
-0.288377	0.760384
-0.445065	1.08298
-0.531827	1.06359
-0.236617	0.930447
-0.605641	1.03424
-0.61733	0.884395
-1.3247	1.0213
-1.73526	1.16514
-1.86081	1.40835
-1.76365	1.24801
-1.76198	1.34101
-1.32525	0.896179
-1.72877	1.61745
-1.94783	2.14689
-1.93325	2.21242
-1.80463	1.9592
-1.75113	1.74434
-1.67143	1.46488
-1.14807	0.688507
-0.548848	0.1281
-0.212749	0.15229
0.186314	0.258277
0.213248	0.294656
-0.0322306	0.232588
-0.118276	0.349792
-0.535947	0.305488
-0.89627	0.897183
-0.822987	0.888012
-0.432095	0.531956
-0.500284	0.664265
-0.512124	0.692191
-1.49128	1.23411
-1.39845	1.33261
-1.25847	1.22476
-1.19506	1.23935
-0.916815	0.885853
-0.823932	0.760838
-0.727872	0.673768
-0.58158	0.527253
-0.476893	0.290208
-0.606187	0.230971
-1.05337	0.556417
-1.38445	1.19804
-1.36285	1.15159
-1.23464	0.91308
-1.40018	1.20939
-1.38857	1.22916
-1.53229	1.39729
-1.53089	1.34771
-1.21446	1.07683
-1.05233	0.926745
-1.02778	0.932109
-1.07047	0.974089
-1.06942	0.919434
-1.12696	0.966208
-1.21297	0.910823
-1.31717	0.797849
-1.29666	0.950214
-1.16094	0.816092
-1.02965	0.923123
-1.01644	1.01406
-0.496963	0.884788
-0.383416	1.04466
-0.670288	1.27444
-1.29075	1.69389
-0.742379	1.11559
-0.324788	0.701443
-0.106532	0.342622
-0.278361	0.456954
-0.726894	0.782453
-0.974434	0.513418
-1.06296	0.829394
-0.854175	0.731309
-0.905741	0.834787
-1.01747	1.01249
-1.04106	1.04776
-1.13768	1.15891
-1.1492	1.1873
-1.07218	1.07599
-0.949522	0.901243
-0.87079	0.82014
-0.82418	0.789701
-0.933197	0.926148
-0.928084	0.922281
-1.00892	0.785126
-1.2917	0.956909
-1.42509	1.2388
-1.33011	0.880582
-1.41087	1.18278
-1.32423	0.960599
-1.03646	0.677952
-0.748983	0.422893
-0.670732	0.495751
-0.703218	0.61534
-0.770621	0.781851
-1.01521	1.11126
-1.05628	1.10957
-1.13547	1.15134
-1.30032	1.34203
-1.38018	1.41794
-1.56351	1.47128
-1.31995	0.925641
-0.142288	-0.0271922
0.444759	0.211427
0.864966	0.482473
0.888854	0.570963
0.314624	0.463539
0.0864522	0.426979
0.141088	0.426231
-0.0752508	0.487438
-0.101164	0.595246
-0.269371	0.562607
-0.55441	0.708507
-0.586503	0.553394
-0.384673	0.442453
-1.14643	0.567787
-1.52133	1.1456
-1.22985	0.719213
-1.15273	0.577226
-1.02742	0.234363
-1.11342	0.292774
-1.13241	0.252053
-1.57533	1.13658
-1.31218	0.656244
-1.25531	0.728244
-1.10428	0.762406
-0.616575	0.329213
-0.472749	0.419836
-1.20657	0.609536
-1.22752	0.669852
-1.27179	0.888822
-1.21475	0.799108
-1.15455	0.878963
-1.46386	1.43951
-1.61904	1.72584
-1.7458	2.00429
-2.00713	2.65018
-1.93891	2.37305
-1.6203	1.77169
-1.45475	1.51638
-1.45821	1.52882
-1.50803	1.59171
-1.62162	1.76962
-1.61125	1.97832
-1.33892	1.65071
-1.04991	1.2061
-0.883746	0.982771
-0.746343	0.777958
-0.669365	0.695251
-0.814784	0.783944
-1.23452	1.1659
-1.23807	1.13092
-1.27502	1.29807
-1.2639	1.40068
-1.33928	1.22794
-1.47565	1.29202
-1.61483	1.4071
-1.67765	1.43436
-1.63553	1.31882
-1.66828	1.0954
-1.67411	1.18814
-1.68265	1.00721
-1.67223	1.13236
-1.73714	1.2371
-1.83178	1.61928
-1.7119	1.75982
-1.92992	2.35914
-1.78361	2.11403
-1.46251	1.53857
-1.27279	1.31627
-1.20026	1.18796
-1.17512	1.21246
-1.04329	1.02456
-0.970722	0.991284
-1.11114	1.23891
-1.40183	1.74235
-1.63275	2.00712
-1.53041	1.97687
-0.91049	1.19448
-0.24022	0.880286
-0.412455	0.936987
-1.03474	0.669476
-1.06006	0.738045
-1.12123	0.695051
-0.864183	1.00934
-0.708772	0.981373
-0.873914	1.25169
-0.957226	1.24637
-0.819959	1.03213
-0.695044	1.03677
-0.72032	1.09176
-0.659853	0.997234
-0.742489	1.17906
-0.586329	1.10648
-0.574162	1.01401
-0.599547	0.596709
-0.545005	0.906295
-0.535578	0.985034
-0.498199	1.02836
-0.412796	0.950831
-0.532051	0.895955
-0.378972	0.902022
-0.482193	0.970104
-0.150787	0.524374
-0.607145	0.68985
-1.63612	1.51512
-1.44562	1.40843
-1.34719	1.31282
-1.14381	1.04766
-1.06251	0.906756
-1.07202	0.93063
-1.06889	0.824872
-1.1824	0.938143
-1.48301	1.56184
-1.3828	1.4748
-0.932025	0.884458
-0.888606	0.808758
-0.97161	0.955116
-1.01072	1.04737
-1.01971	1.10086
-1.00881	1.06589
-1.13972	1.25109
-1.1709	1.25637
-1.24117	1.33881
-1.28491	1.33202
-1.21382	1.30553
-1.00958	1.10471
-0.639151	0.800613
-0.399443	0.553663
-0.162018	0.418908
-0.158695	0.286478
-0.203655	0.264663
-0.203726	0.258845
-0.243565	0.313022
-0.324135	0.437561
-0.482052	0.659299
-0.521419	0.66969
-0.763702	0.976612
-1.015	1.25838
-1.19594	1.50904
-1.32627	1.66269
-1.5998	2.032
-1.92261	2.41696
-1.93618	2.06206
-1.88436	1.56934
-1.36145	1.11167
-1.01064	1.07485
-0.779765	1.10235
-1.05215	1.27039
-0.956449	1.29876
-0.296083	0.898914
-0.162078	1.0419
-0.550195	1.02578
-0.737714	0.93609
-0.783316	1.05627
-0.82897	0.986673
-0.642399	1.02463
-1.48722	1.41505
-1.17284	0.81204
-1.67391	1.16353
-1.90543	1.84438
-1.75294	1.48636
-1.90963	1.83187
-1.93417	2.21418
-1.95513	2.44446
-1.76306	2.07402
-1.72911	2.07181
-1.75244	2.07393
-1.87448	2.14348
-1.6249	1.40889
-0.865075	0.88698
0.570178	0.878756
0.984735	0.919417
0.932645	0.587725
0.948711	0.785458
0.974625	0.642971
0.827726	0.622777
0.701052	0.681507
0.761903	0.869964
0.495448	0.686292
-0.1166	0.386885
-0.654869	0.627139
-0.482193	0.622927
-0.320839	0.503517
-0.310765	0.463098
-0.318228	0.483075
-0.45223	0.5695
-0.497151	0.550771
-0.525297	0.520914
-0.441947	0.422446
-0.492351	0.506818
-0.382531	0.521047
-0.428151	0.566119
-0.656321	0.847695
-0.882539	0.879447
-1.29967	0.977117
-1.54698	1.15912
-1.56431	1.21485
-1.28802	0.968386
-1.19941	1.03016
-0.857767	0.866949
-0.648299	0.654613
-0.999142	0.802793
-1.64695	1.46439
-1.36497	0.456462
-1.20669	0.424576
-1.34794	0.849488
-1.54647	1.37984
-0.925708	0.704807
-0.138638	0.733135
0.469958	1.10347
0.415887	0.954156
0.712399	0.90991
0.736654	0.816955
0.664283	0.443241
0.826962	0.609133
0.766718	0.60737
0.597079	0.45223
0.268642	0.662902
-0.483411	0.491232
-0.516961	0.500081
-0.373609	0.552006
-0.640738	0.805048
-0.752461	0.829327
-0.947848	0.897795
-1.39749	1.17651
-1.27207	0.828101
-0.936786	0.88678
-0.938147	0.880306
-0.817515	0.870355
-0.76848	0.942605
-0.804257	0.95872
-0.796318	1.29534
-0.862501	1.59123
-1.59807	1.76847
-1.68155	1.82585
-1.54514	1.6292
-1.47936	1.44169
-1.72334	1.6273
-1.62495	1.61263
-1.6028	1.43758
-1.59079	1.27869
-1.71346	1.43539
-1.7603	1.66625
-1.66686	1.58769
-1.63828	1.42261
-1.78732	1.74425
-1.7603	1.56498
-1.56484	1.33421
-1.65431	1.56357
-0.454352	0.871522
-0.492705	0.893775
-0.617541	1.00811
-0.587362	0.951545
-0.379839	0.830044
-0.539331	1.02762
-0.515876	0.956884
-0.772118	0.701949
-1.55493	0.919165
-1.85812	1.33851
-1.94849	1.37926
-1.8668	1.24056
-1.76931	1.15774
-1.85197	1.5683
-1.73444	1.33825
-1.79951	1.74262
-1.76511	2.02386
-1.60366	1.74644
-1.50261	1.55345
-1.65257	1.85342
-1.72614	1.91586
-1.70357	1.78123
-1.78016	1.82644
-1.69488	1.53689
-1.6302	1.40326
-1.31571	1.01573
-1.05253	0.762412
-0.945417	0.828426
-0.798079	0.661993
-0.936979	0.789338
-0.779893	0.771073
-1.66085	1.56355
-1.47035	1.24951
-1.41743	1.23651
-1.37452	1.27007
-1.3082	1.22641
-1.1992	1.13095
-1.24643	1.24648
-1.21248	1.24356
-1.26473	1.38973
-1.25794	1.48328
-0.655282	0.889727
-0.641431	0.975171
-1.4057	1.91893
-1.26591	1.75747
-1.40274	1.91411
-1.71579	2.14793
-1.45382	1.50438
-1.52853	1.80739
-1.47155	1.73924
-1.73676	1.83968
-1.82234	2.16393
-1.66573	1.8381
-1.72993	2.00945
-1.75491	2.10795
-1.68223	1.96449
-1.70483	1.93746
-1.65924	1.84069
-1.6962	1.85925
-1.6758	1.65371
-1.43644	1.40038
-1.28649	1.36608
-1.21277	1.34532
-1.07815	1.1975
-1.03618	1.20469
-0.99104	1.23692
-1.0789	1.33706
-1.3344	1.55023
-0.692032	0.736487
-0.33555	0.385926
-0.244719	0.322165
-0.115502	0.170548
-0.112295	0.203743
-0.109157	0.267207
-0.146504	0.254584
-0.270863	0.341554
-0.314776	0.412515
-0.445042	0.526783
-0.483709	0.556166
-0.620997	0.714798
-0.833564	0.965362
-1.12548	1.25637
-1.35564	1.4388
-1.32978	1.18692
-1.31383	1.18951
-1.17519	1.06448
-1.38075	1.4719
-1.42453	1.56586
-1.63346	1.89135
-1.91444	2.445
-1.69371	1.72586
-1.03229	1.02327
-0.557597	0.598503
-0.449883	0.671636
-0.419893	0.887947
-0.455687	1.03234
-0.240156	0.731996
-0.408838	0.778317
-0.692551	0.950166
-0.691473	0.977664
-0.945584	0.892264
-1.84479	1.58508
-1.52814	1.07421
-1.52018	1.31236
-1.53116	1.53655
-1.84352	2.32022
-1.67643	1.99739
-1.63692	1.78691
-1.66185	1.93131
-1.61709	1.86104
-1.57218	1.74589
-1.55553	1.60459
-1.712	1.73914
-0.542911	1.29159
0.00765036	0.882134
-0.102872	-0.00367209
-0.503276	0.0491301
-0.716432	-0.119501
-1.0728	0.275886
-1.19411	0.472782
-1.27913	0.761594
-1.17877	0.710545
-1.13542	0.721446
-1.09455	0.672223
-1.11262	0.613385
-1.10454	0.604839
-1.12086	0.700991
-1.40114	1.41607
-1.44263	1.48933
-1.73278	2.06678
-1.9958	2.56165
-1.95935	2.34484
-1.67207	1.82901
-1.60859	1.6882
-1.54247	1.45738
-1.36508	1.17943
-1.37235	1.09433
-1.59472	1.47486
-1.63661	1.24295
-1.46609	1.0526
-1.37183	0.954224
-1.35163	0.950938
-1.30056	0.970943
-1.2297	0.834614
-1.31823	1.05788
-1.46235	1.27055
-1.41867	1.31355
-1.43145	1.21284
-1.44864	1.20092
-1.6845	1.89652
-1.64214	1.96241
-0.951457	1.0029
-0.807853	1.0461
-1.31542	1.48195
-1.88035	2.45336
-1.3787	1.63486
-0.550296	1.3427
-0.664136	1.24978
-0.515485	1.07334
-0.203874	1.01119
-0.615135	1.05512
-0.695781	1.08208
-0.571773	0.850154
-0.320377	0.732547
-0.577887	1.01627
-0.69933	1.11751
-0.654295	1.18044
-0.530361	0.859666
-0.646472	1.0124
-0.714822	0.961005
-0.982134	0.744036
-0.735186	0.00360671
-0.735595	0.16456
-0.559641	0.152363
-0.494761	0.269361
-0.417834	0.263305
-0.412674	0.332616
-0.49857	0.447527
-0.497691	0.449164
-0.551721	0.563557
-0.661014	0.711134
-0.680871	0.712513
-0.689317	0.699506
-0.539828	0.501507
-0.557769	0.475186
-0.761081	0.451869
-0.373083	-0.151553
-0.0218312	-0.229559
0.187345	-0.227976
0.272007	-0.267493
0.335913	-0.102712
0.222393	-0.0757001
-0.335448	-0.0787837
-0.454039	0.43482
-0.267651	0.330645
-0.43276	0.477348
-0.451389	0.510052
-0.496492	0.60762
-0.574413	0.696321
-0.525079	0.682754
-0.552689	0.684168
-0.809664	0.724901
-1.54889	1.80658
-1.60092	2.03871
-1.73572	2.33018
-1.65428	2.1147
-1.64997	2.0131
-1.83729	2.35632
-1.87179	2.25965
-1.75845	1.86422
-1.81525	1.83291
-1.14269	0.529818
-1.12332	0.934277
-1.40615	1.9285
-1.18555	1.70764
-1.2851	1.2715
-1.93004	2.38793
-1.8228	2.11846
-1.84537	1.99546
-1.8984	1.90609
-2.05145	2.11299
-2.00747	1.82637
-1.93804	1.53099
-1.92931	1.35109
-2.01247	1.46367
-1.90158	1.35038
-1.88284	1.32333
-1.83155	1.50508
-0.959786	0.647629
-0.592971	0.697195
-0.465762	0.887439
-0.310437	0.7469
-0.491377	0.855749
-0.380427	0.860496
-0.365589	0.865546
-0.402449	0.83953
-0.502096	0.848034
-0.855711	0.624484
-1.90241	1.90885
-1.56712	1.361
-1.45111	1.21284
-1.45365	1.25068
-1.4295	1.24444
-1.3885	1.24999
-1.36381	1.22031
-1.37328	1.14612
-1.33853	0.986747
-1.42939	0.995495
-1.62202	1.28825
-1.68371	1.58896
-1.72992	1.86851
-1.74934	1.92252
-1.65339	1.76013
-1.58385	1.83108
-1.68322	1.77117
-1.59221	1.26304
-1.4886	1.1272
-1.39387	1.09047
-1.275	0.90882
-1.22653	0.912817
-1.46845	1.44309
-1.57606	1.63291
-1.78804	2.06315
-1.9781	2.38728
-2.17115	2.80823
-2.33274	3.18617
-2.10384	2.55167
-1.57496	1.07723
-1.80922	1.40882
-1.73912	1.20385
-1.62684	1.07683
-1.54736	0.904244
-1.44234	0.70988
-1.42346	0.847509
-1.41964	0.98879
-1.26021	0.748024
-1.08648	0.421639
-0.962303	0.0405785
-1.3635	0.667722
-1.48788	0.961949
-1.24092	0.806786
-0.281848	-0.147723
-1.07587	0.523784
-1.31922	0.936965
-1.38637	1.0724
-1.54445	1.37078
-1.63055	1.48662
-1.81454	1.82582
-1.73156	1.88687
-1.6479	1.61771
-1.58068	1.58622
-1.54934	1.46943
-1.52657	1.39248
-1.76698	1.90333
-1.71238	1.79096
-1.95488	2.28958
-2.04243	2.31762
-2.001	2.12146
-2.32413	3.14326
-2.13074	2.84537
-2.03108	2.48876
-1.93182	2.18863
-1.73791	1.79168
-1.574	1.44216
-1.53127	1.43522
-1.48433	1.28237
-1.43401	1.13522
-1.45828	1.17988
-1.46615	1.14177
-1.35343	1.00999
-1.33366	0.982618
-1.30136	0.985894
-1.41096	1.17597
-1.73273	1.62265
-1.82402	1.64918
-1.71806	1.56141
-1.72538	1.60602
-1.55945	1.25326
-1.66228	1.53489
-1.78752	1.74918
-1.35381	0.990673
-1.3531	1.19182
-1.52257	1.46604
-1.41673	1.32375
-1.46479	1.17672
-1.49224	1.4135
-1.23564	0.937245
-1.15816	0.828823
-1.13584	0.952367
-0.907544	0.76267
-0.888403	0.924279
-0.543582	0.818836
-0.562839	0.681223
-0.717539	0.975307
-0.779896	1.05349
-0.519314	0.819138
-0.75056	1.24462
-0.717081	1.17928
-0.185909	0.9805
-0.419583	1.13094
-0.444659	1.00589
-0.414077	0.828818
-0.566539	1.0698
-0.508601	0.909566
-0.398437	1.06689
-0.724643	1.11476
-0.78827	1.06764
-1.76456	1.54767
-1.81907	1.37558
-2.06283	1.63643
-2.18933	2.24158
-1.79043	1.43271
-1.66705	1.33315
-1.6963	1.58938
-1.82112	2.1251
-1.9388	2.46432
-1.87161	2.62267
-1.66927	2.27001
-1.6354	2.18445
-1.41174	1.49779
-1.3499	1.30491
-1.42821	1.47184
-1.35322	1.36163
-1.21043	1.15083
-1.14901	1.06567
-1.15648	1.03671
-1.22857	1.05601
-1.49602	1.40375
-1.63908	1.43362
-0.952235	0.275557
-0.239405	0.151075
0.0410882	0.188575
0.206852	0.137503
0.259438	0.302808
-0.023886	0.205208
-0.627466	0.38555
-0.999279	0.628783
-1.24848	1.04433
-1.14989	0.928901
-1.20614	1.07771
-1.26894	1.23119
-1.30739	1.29171
-1.28687	1.25381
-1.10714	0.861863
-1.15838	0.786467
-1.17401	0.796606
-1.12957	0.74832
-1.1384	0.751735
-1.18667	0.826265
-1.27523	0.973324
-1.3307	1.01929
-1.29502	0.938542
-1.21827	0.775274
-1.24483	0.852066
-1.173	0.803432
-1.14242	0.814831
-1.02615	0.715234
-0.951409	0.724775
-0.870181	0.739437
-0.8016	0.70921
-0.742616	0.724795
-0.743853	0.860895
-0.739946	0.86249
-0.672985	0.853836
-0.830834	1.08228
-1.02888	1.25639
-1.30648	1.17614
-1.60506	1.28629
-1.68443	1.3376
-1.85612	1.57257
-1.88821	1.54268
-1.8162	1.24239
-1.88558	1.40499
-1.9439	1.43383
-1.88382	1.32876
-1.82725	1.30935
-1.69125	1.23773
-1.6421	1.08938
-1.69703	1.26558
-1.73626	1.32665
-1.86384	1.57079
-1.94351	2.00048
-1.65553	1.57476
-1.643	1.62146
-1.70261	1.73321
-1.85467	1.78296
-1.87996	1.77531
-1.88043	1.75799
-1.79121	1.4897
-1.70654	1.26414
-1.69276	1.27479
-1.62495	1.24182
-1.6277	1.33114
-1.64912	1.43364
-1.61362	1.5041
-1.55397	1.48539
-1.4049	1.38968
-1.33115	1.46937
-1.12195	1.32853
-1.09804	1.40364
-1.16355	1.31832
-1.14419	1.40848
-1.08635	1.30471
-1.02141	1.08374
-1.03016	0.954876
-1.06277	1.00298
-0.914947	0.787464
-0.878283	0.816047
-0.516068	0.397905
-0.638988	0.531423
0.249273	0.25039
0.273397	0.186413
0.51696	0.489871
0.202181	0.547284
-0.177125	0.543538
-1.00787	0.78127
-1.62434	1.60759
-1.51602	1.30211
-1.41856	0.987052
-1.45768	0.877724
-1.65783	1.48719
-1.7785	2.1942
-1.74964	2.20092
-1.65074	1.98869
-1.61518	1.75951
-1.6721	1.8383
-1.76774	2.04159
-1.76447	2.14555
-0.974827	1.12911
-0.447793	0.580728
-0.394868	0.530387
-0.347501	0.443574
-0.497598	0.639706
-0.616006	0.707653
-0.902379	0.952443
-1.26242	1.30945
-1.39972	1.44218
-1.28484	1.25911
-1.20775	1.1472
-1.18691	1.11762
-1.21892	1.24097
-1.23274	1.25943
-1.22811	1.27048
-1.32186	1.41581
-1.47474	1.65176
-1.71566	1.90438
-1.8212	1.93223
-1.63651	1.56006
-1.52851	1.32448
-1.50274	1.2492
-1.27783	0.894992
-1.07254	0.896646
-1.71046	1.68379
-1.86562	1.92884
-1.96778	2.0861
-1.87007	2.31565
-1.89555	2.75951
-1.28787	1.04012
-0.905101	0.206899
-0.740273	0.0105174
-1.0306	0.231299
-1.41741	0.989756
-1.34803	0.939759
-1.13873	0.701992
-0.996232	0.595234
-0.0560362	0.362194
-0.412754	0.241694
-1.12563	0.338996
-1.16752	0.433198
-0.975387	0.432622
-0.984802	0.226054
-1.07464	0.406209
-1.12842	0.71404
-1.03003	0.683459
-0.404635	-0.0673944
-0.0135767	-0.0589796
0.0730077	-0.0389248
-0.0114794	-0.0594561
-0.191407	-0.00854614
-1.01755	0.7973
-1.07673	0.906854
-0.786143	0.66189
-0.738441	0.65285
-0.855007	0.764156
-0.879963	0.809568
-0.816233	0.674654
-0.761684	0.760653
-0.475918	0.576067
-0.395316	0.462846
-0.40202	0.457556
-0.483938	0.456578
-0.658189	0.595872
-0.606715	0.361765
-0.395171	0.147555
-0.453361	0.223151
-0.643846	0.390955
-0.184659	0.0356192
0.149736	0.113413
-0.359139	0.216303
-0.872458	0.393442
-1.4093	0.875053
-1.70072	1.48769
-1.71622	1.52787
-1.80187	1.69055
-1.59189	1.31899
-1.55741	1.4902
-1.71863	1.93724
-1.544	1.70586
-1.41914	1.50445
-1.43622	1.55783
-1.44656	1.42237
-1.90362	2.12633
-1.88711	2.05514
-1.56657	1.49817
-1.31266	1.17144
-1.36957	1.0496
-1.30558	0.948666
-1.74175	1.0328
-1.62816	0.919343
-1.54248	0.794025
-1.5728	0.810239
-1.56511	0.770569
-1.52331	0.754188
-1.50611	0.699104
-1.47237	0.776669
-1.63293	1.55668
-1.64992	1.67489
-1.78071	1.99246
-1.83854	2.17826
-1.88371	2.14283
-1.94924	2.31129
-1.97481	2.27156
-1.72434	1.56056
-1.28107	0.982229
-1.16049	1.33772
-1.21366	1.45536
-0.814538	1.19994
-1.44877	1.57925
-2.04757	3.05488
-1.91756	2.57571
-1.66258	1.90595
-1.65153	1.71724
-1.67607	1.6436
-1.66351	1.48773
-1.60056	1.29317
-1.54113	1.20804
-1.50536	1.18365
-1.46997	1.21505
-1.3702	1.04928
-1.24024	0.871323
-1.12394	0.627594
-1.09546	0.639823
-1.00352	0.448293
-1.10951	0.489356
-1.21498	0.654672
-1.26197	0.728798
-1.39747	1.00316
-1.48628	1.20022
-1.52467	1.24837
-1.5895	1.60973
-1.63426	1.76983
-1.51219	1.52645
-1.28204	1.07217
-0.432752	0.617044
0.158504	0.617824
0.568809	0.51297
0.702019	0.563564
0.873776	0.610674
1.07952	0.902173
0.989592	0.64811
0.771877	0.432231
0.665975	0.611284
1.08258	0.912295
1.17146	0.835221
0.905893	0.772457
0.0530079	0.0865444
-0.394748	0.435085
-0.445014	0.579861
-0.166545	0.639701
-0.119601	0.579477
-0.236745	0.563777
-0.424182	0.713341
-0.415912	0.886461
-0.547795	0.848968
-0.497692	0.773445
-0.595892	0.911138
-0.432178	0.836299
-0.482842	0.6811
-0.365861	0.750321
-0.431415	0.877722
-0.478346	0.970435
-0.481237	0.961175
-0.544298	0.785675
-0.602017	0.812061
-0.508277	0.819136
-0.620659	0.848138
-0.575259	1.04045
-0.456911	0.807488
-0.500314	0.826344
-0.573138	1.00872
-0.530004	0.827886
-0.487477	1.01712
-0.476803	1.0688
-0.539855	0.878993
-0.731735	0.520249
-1.6317	1.64578
-1.34843	1.22735
-1.38512	1.37401
-1.38078	1.34208
-1.3923	1.03365
-1.12353	1.12571
-1.3818	1.48677
-1.69913	1.73492
-1.79546	1.71015
-1.90071	2.02003
-1.70151	1.58227
-1.38603	1.08681
-1.08404	0.75719
-1.33705	1.36921
-1.24162	1.26825
-1.24456	1.29858
-1.32774	1.46125
-1.44638	1.62434
-1.68124	1.91255
-1.59993	1.62555
-1.25791	1.24664
-0.870294	0.920382
-0.973696	0.899836
-0.902512	0.876251
-0.72531	0.834524
-0.754197	0.936865
-0.705056	0.999647
-0.683811	1.09098
-0.834672	1.1085
-0.860413	1.02779
-0.883385	1.21393
-0.70502	1.20599
-0.574094	0.879273
-0.656011	0.985065
-0.659708	1.1973
-0.451195	0.92249
-0.702605	0.994511
-0.57172	1.05207
-0.572849	1.02759
-0.511848	0.99788
-0.966784	1.18418
-1.12935	1.25685
-1.16228	1.16097
-1.35412	1.47745
-1.33631	1.61355
-1.25545	1.62539
-1.22262	1.4828
-1.41626	1.73637
-1.43373	1.76557
-1.36826	1.57645
-1.50404	1.6815
-1.72769	1.89243
-1.67352	1.73332
-1.58696	1.52447
-1.62603	1.53482
-1.65455	1.5314
-1.46974	1.16215
-1.28427	0.900909
-1.18366	0.89396
-1.1478	0.976684
-1.2029	1.07681
-1.22014	1.39446
-1.00464	1.32071
-1.23122	1.41022
-1.59469	2.06582
-1.53249	2.15714
-1.5652	2.27385
-1.63885	2.20905
-1.01093	1.22355
-1.0789	1.23549
-1.08817	1.24644
-1.16114	1.72133
-1.68564	2.14379
-1.84158	2.5765
-1.76114	2.40504
-1.53042	1.95733
-1.47499	1.86127
-1.34264	1.5966
-1.17264	1.16658
-1.03247	0.934382
-1.1766	1.25126
-1.26141	1.38453
-1.16149	1.11843
-0.985881	0.893
-0.845177	0.772754
-0.561689	0.502562
-0.450521	0.59105
-0.488219	0.449516
-0.58353	0.874553
-1.02155	1.0892
-0.874751	1.05365
-0.692204	1.0061
-0.66363	0.827737
-0.696707	0.980773
-0.805346	0.908207
-0.837962	0.966465
-0.727341	0.831887
-0.761285	0.959805
0.491888	0.652864
0.447546	0.31207
0.261565	0.247688
0.901396	0.690054
0.194053	0.0848424
0.324876	0.198755
0.735026	0.419089
0.750223	0.374902
0.825234	0.484363
0.79504	0.54456
1.01002	0.671732
1.15754	0.756201
1.04318	0.814653
0.895468	0.698618
0.869018	0.56331
0.859736	0.520712
0.787527	0.43386
0.716486	0.300549
0.714278	0.509747
0.501118	0.256665
0.506331	0.408991
0.342424	0.38669
0.21375	0.470917
0.0908562	0.705712
-0.00405591	0.404943
-0.242988	0.75613
-0.534191	0.899395
-0.398974	0.709081
-0.451591	0.845495
-0.443363	0.862636
-0.364697	1.09427
-0.475117	0.993556
-0.510176	0.882346
-0.494459	0.966412
-0.569433	1.03986
-0.520326	1.01307
-0.618374	1.04438
-0.601183	0.885193
-0.301372	0.807687
-0.645703	1.01278
-0.601272	0.872524
-0.562489	0.907289
-0.597892	1.01212
-0.455031	0.896097
-0.657317	1.16661
-0.658816	0.788107
-1.11221	0.988502
-0.619461	0.662104
-0.72148	0.708448
-1.21033	1.09872
-1.02961	0.737842
-1.10289	0.965858
-1.07215	1.19144
-1.15947	1.39121
-1.16513	1.28057
-1.29699	1.41977
-1.31241	1.4129
-0.92818	1.10298
-1.00721	1.09757
-1.63067	2.21104
-1.47509	1.91152
-1.52288	1.81819
-1.49856	1.50889
-1.32969	1.33721
-1.62127	1.82872
-1.59316	1.90674
-1.29361	1.34512
-1.27464	1.22509
-1.25167	1.19064
-1.28627	1.12735
-1.23492	1.11743
-1.15232	0.990875
-1.14202	0.922815
-1.13696	0.859698
-1.10032	0.675886
-1.30924	0.861382
-1.39893	1.07227
-1.43465	1.429
-1.40829	1.54683
-1.28381	1.32372
-1.22267	1.28678
-1.31924	1.48315
-1.44301	1.66811
-1.5683	1.78441
-1.35087	1.07641
-1.17292	0.861187
-1.18506	0.971689
-1.20642	1.03599
-1.15571	0.958306
-1.08449	0.86264
-1.02713	0.752542
-1.20534	0.92378
-0.792749	0.10492
-0.260865	-0.320412
-0.108501	-0.224391
-0.00423859	-0.188931
0.00501176	-0.0793697
-1.32996	1.17525
-1.81397	1.90486
-1.63884	1.74567
-1.49715	1.57312
-1.5572	1.89455
-1.34857	1.66517
-1.02159	1.18466
-0.658206	0.583658
-0.525548	0.393369
-0.621804	0.339652
-0.765962	0.240009
-0.591779	0.153546
-0.547864	0.167828
-0.320922	0.0404557
-0.124389	-0.0500577
-0.329478	0.00875227
-0.418724	0.108227
-0.68153	0.54992
-1.50932	1.46552
-1.65687	1.83123
-1.51384	1.64654
-1.2442	1.28177
-1.18712	1.22531
-1.16258	1.22108
-1.1426	1.319
-1.15184	1.41178
-1.18497	1.57372
-1.2664	1.75938
-1.38801	2.01622
-1.55819	2.32039
-1.54781	2.26594
-0.893136	0.818319
-0.913364	0.80579
-1.5033	1.52725
-1.62389	1.58811
-1.69895	1.59938
-1.9767	2.09253
-1.91207	1.83062
-1.8318	1.96495
-1.67849	1.88403
-1.57127	1.8696
-1.61482	2.17165
-1.50871	2.13419
-1.162	1.43071
-1.22222	1.16712
-1.50155	1.46568
-1.33789	1.46801
-1.45278	2.06721
-1.29362	1.89024
-1.81177	2.33038
-1.76588	2.44818
-1.54127	1.96387
-1.65005	2.1059
-1.60897	1.85084
-1.75813	1.90711
-1.66407	1.79768
-1.55059	1.56001
-1.6289	1.65597
-1.65939	1.59093
-1.78766	1.62319
-1.74018	1.38172
-1.48329	0.988388
-1.4065	0.918672
-1.3306	0.756193
-1.32004	0.731077
-1.31133	0.660424
-1.37262	0.767049
-1.3252	0.602238
-1.34337	0.491647
-1.38621	0.463123
-1.3841	0.30105
-1.4131	0.116958
-1.54197	0.29515
-1.37003	0.0319705
-1.5281	0.391634
-1.48771	0.499625
-1.22789	0.53852
-1.29713	1.14322
-1.09696	1.0346
-0.947183	0.904312
-1.0123	1.07319
-0.840674	0.974387
-0.640836	0.831327
-0.0664046	0.681661
-0.930826	0.599155
-2.11485	2.55844
-1.93669	2.216
-1.88209	1.95808
-1.88066	1.86156
-1.88093	1.70202
-1.77988	1.47322
-1.76626	1.31091
-1.92289	1.69767
-1.69902	1.22373
-1.3712	0.781824
-1.04065	0.297182
-1.10589	0.761877
-1.05298	0.768038
-0.715265	0.646541
-0.428246	0.611084
-0.734869	0.864339
-0.605076	0.779603
-0.54882	0.835216
-0.86379	1.13675
-0.83033	1.02786
-0.623836	0.825888
-0.483741	0.741446
-0.507698	0.969867
-0.679346	1.11863
-0.571055	0.962402
-0.771975	0.970946
-0.370801	1.00366
-0.384573	0.812234
-0.533981	0.932063
-0.132994	0.739152
0.0592393	0.679991
-0.269121	0.844656
-0.46727	0.84059
-0.298459	0.904092
-0.848047	0.977824
-2.04212	2.05537
-2.02735	2.11782
-2.0176	1.94614
-1.86858	1.58159
-1.82772	1.74446
-1.72859	1.58023
-1.56655	1.11447
-1.533	1.0314
-1.5267	1.1747
-1.43987	1.14665
-1.43161	1.36387
-1.22196	1.08859
-0.442888	0.650363
-0.375933	0.884666
-0.235501	0.959706
-0.135329	0.845601
-0.103595	0.939355
-0.230165	0.781866
-0.241394	0.884056
-0.529795	1.18147
-0.814635	0.812408
-1.99851	2.50126
-1.9056	2.63955
-1.93636	2.80321
-1.82853	2.50822
-1.81522	2.69163
-1.35437	1.85984
-1.22676	1.56126
-1.1282	1.36659
-1.11173	1.33882
-1.08955	1.33575
-1.0866	1.36285
-1.15964	1.4505
-1.3879	1.74616
-1.82185	2.38885
-1.69183	1.83205
-0.824795	0.568484
0.0587271	0.214919
0.177695	0.487356
0.240646	0.793391
0.448526	0.609255
0.218314	0.590857
-0.0165402	0.704031
0.00119307	0.836935
0.101129	0.724132
-0.448519	0.627564
-0.88765	1.01683
-0.726115	0.836764
-1.28975	1.06684
-1.61101	1.36239
-1.63519	1.23997
-1.63869	1.40891
-1.17942	1.32075
-1.49788	1.27057
-1.42096	1.03983
-1.46878	1.073
-1.44288	0.998209
-1.36256	0.851885
-1.2139	0.470829
-1.3704	0.766169
-1.58094	1.44119
-1.68495	1.81301
-1.74952	1.96052
-1.48466	1.42411
-0.698091	0.617108
-0.37171	0.615195
-0.325915	0.785164
-0.230649	0.792164
-0.392493	1.1399
-0.420723	1.04587
-0.378034	0.798825
-0.525984	1.04585
-0.545669	1.0993
-0.303927	1.00512
-0.660124	0.842971
-1.11346	1.21896
-2.09409	2.71746
-2.07392	3.02042
-2.11713	3.03441
-1.94437	2.47323
-1.61488	2.0201
-1.18721	1.30745
-1.21481	1.44391
-1.15032	1.27206
-1.11737	1.23397
-1.17073	1.26184
-1.30141	1.40432
-1.34797	1.3685
-1.40713	1.30042
-1.48736	1.29669
-1.52369	1.25523
-1.36693	0.993038
-1.19551	0.774949
-1.09409	0.608895
-1.15513	0.792026
-1.35946	1.16217
-1.60457	1.60909
-1.70349	1.82908
-1.72934	1.80717
-1.85291	2.03503
-1.74517	1.6318
-1.79852	1.6074
-1.9919	1.90359
-1.97625	1.83067
-2.07267	2.14948
-1.92775	2.10958
-1.77265	1.88458
-1.57096	1.52489
-1.35412	1.13049
-1.24918	1.00598
-1.22686	0.948025
-1.29111	1.0282
-1.24744	0.928834
-1.13673	0.671187
-1.17026	0.751327
-1.29224	1.01749
-1.30123	1.10953
-1.39818	1.42401
-1.63729	1.89425
-2.02632	2.44659
-1.7861	1.67155
-1.56828	1.28019
-1.60197	1.2468
-1.79731	1.50572
-1.80648	1.64221
-1.83983	1.89455
-1.67671	1.69528
-1.63009	1.78853
-1.50187	1.58314
-1.35985	1.42748
-1.25717	1.2162
-1.17827	1.05658
-1.19621	0.98758
-1.20792	1.13806
-1.43177	1.63771
-1.49122	1.44127
-0.712513	0.180244
-0.425704	0.484336
-0.152777	0.708081
-0.318246	0.871417
-0.396603	0.731631
-0.319502	0.624957
-0.12495	0.451621
0.295273	0.482906
0.729171	0.277048
0.999877	0.662698
1.2011	1.15435
1.05394	1.0052
1.01963	1.08391
0.910087	1.3967
0.474875	1.10097
-0.0489717	1.0743
-0.547552	0.885894
-0.735882	1.00888
-1.10622	0.785608
-2.05973	1.81396
-1.95156	1.6314
-1.91152	1.53905
-2.11875	2.03465
-2.20077	2.45263
-1.96234	1.97438
-1.64707	1.29047
-1.59532	1.32582
-1.55028	1.45205
-1.4472	1.38939
-1.35414	1.32111
-1.38808	1.47543
-1.35821	1.51439
-1.35866	1.63641
-1.42932	1.85107
-1.59838	2.12552
-1.57909	1.84884
-1.28592	1.39585
-1.22872	1.40175
-1.42519	1.7808
-1.33445	1.58649
-1.29182	1.50327
-1.27379	1.44747
-1.2203	1.30857
-1.3088	1.42728
-1.4822	1.70397
-1.79195	2.11942
-1.86982	2.11849
-1.30757	1.0442
-0.86141	0.648197
-0.302404	0.520348
-0.00125629	0.814202
-0.11463	0.763089
-0.124566	0.790052
-0.0414924	0.583077
-0.0705513	0.582898
0.0409252	0.620405
-0.100626	0.755955
-0.442836	1.02098
-0.870463	1.34968
-0.733655	0.911141
-0.662514	1.07436
-0.653116	0.950272
-0.649196	0.860011
-0.539212	0.97476
-0.453185	0.919981
-0.548014	0.911033
-0.656104	0.94176
-0.666554	1.00655
-0.900536	0.831754
-0.396965	0.735607
-0.875003	1.15722
-0.69362	0.977555
0.103513	0.57109
0.0195187	0.368501
0.30579	0.485431
0.751152	0.534016
0.955276	0.714576
0.946337	0.770623
1.06526	1.01072
1.05265	0.853612
1.19364	1.34676
0.930788	0.868816
1.14181	1.02798
1.01414	1.02262
0.856492	0.816008
0.235199	0.569071
-0.0646971	0.591972
-0.285317	0.457257
-0.291758	0.60414
-0.269233	0.686597
-0.957249	0.915755
-2.01402	2.17934
-2.01221	2.29731
-1.98681	2.25076
-1.87674	2.0698
-1.9156	2.23765
-1.88636	2.14593
-1.72611	1.72009
-1.70763	1.62517
-1.91331	2.08755
-1.90926	1.88076
-1.89449	1.63638
-2.05539	1.98176
-2.02955	1.99636
-2.05526	2.1836
-2.0053	2.34486
-1.9905	2.56835
-2.07477	2.84895
-2.19654	3.05569
-1.89699	2.68979
-1.6409	2.29122
-1.33376	1.6511
-1.35731	1.63733
-1.42924	1.75733
-1.49639	1.87215
-1.53815	1.9031
-1.62287	2.02776
-1.74173	2.159
-1.8297	2.26725
-1.82669	2.16437
-1.86206	1.92162
-1.70721	1.52734
-1.53776	1.1838
-1.47796	1.10521
-1.4646	1.30066
-1.65866	1.67409
-0.918706	1.06475
-0.865794	1.06777
-0.833212	1.14086
-0.967452	1.38779
-0.769003	1.05849
-0.810334	1.10304
-0.660151	1.01905
-0.575784	0.879429
-0.712867	0.941295
-1.12612	0.702411
-1.0487	0.30966
-1.43419	0.590458
-1.26404	0.526225
-1.23236	0.387348
-1.28276	0.743343
-1.48915	1.07943
-1.48742	1.21707
-1.57923	1.42407
-1.54066	1.35566
-1.34758	0.843311
-1.32376	0.659846
-1.48492	1.04688
-1.55506	1.5565
-1.46432	1.46287
-1.47635	1.47601
-1.46846	1.5447
-1.40371	1.43889
-1.57158	1.65532
-1.68742	1.83989
-1.60629	1.53639
-1.53806	1.12513
-1.51697	1.13969
-0.526522	0.506864
-0.21754	0.731741
-1.26736	0.976633
-1.65477	1.62502
-1.31866	1.41242
-0.638954	1.07426
-0.815528	1.2852
-1.7509	2.15644
-1.52003	1.70814
-1.65819	1.74279
-1.40139	1.21807
-1.42259	1.10876
-1.43104	1.17707
-1.37269	1.09933
-1.25113	0.864264
-1.39618	1.01741
-1.37925	0.862159
-1.31382	0.640531
-1.29107	0.379355
-1.35517	0.534997
-1.32735	0.510692
-1.35649	0.605899
-1.22577	0.702878
-1.6841	1.0145
-1.80608	1.23194
-1.86859	1.34008
-1.79802	1.28529
-1.81771	1.53519
-1.76362	1.42466
-1.67316	1.3708
-1.7448	1.48302
-1.78027	1.36274
-1.55509	1.15955
-1.68862	1.29117
-1.61408	1.22151
-1.77246	1.39458
-1.55638	1.16652
-1.7563	1.42071
-1.54896	0.993637
-1.66829	1.35096
-1.47721	1.09802
-1.59139	1.29973
-1.55732	1.37174
-1.25107	1.03733
-1.10283	0.948382
-0.806108	0.879299
-0.77743	0.93299
-0.935783	1.26835
-0.671333	0.915995
-0.717894	1.03521
-0.514546	1.02145
-0.644449	0.884738
-0.42613	0.858366
-0.292662	1.03722
-0.521264	0.990172
-0.526175	1.02278
-0.606145	1.12547
-0.539018	0.91118
-0.504908	1.1187
-0.645141	1.11994
-0.626957	1.11599
-0.869707	0.976505
-1.3061	1.18813
-1.10765	1.00352
-1.47479	1.39194
-1.40717	1.28419
-1.77929	1.92735
-1.81104	1.96502
-1.48004	1.56091
-1.51996	1.69112
-1.48609	1.83624
-1.43308	1.92608
-1.49843	2.08666
-1.52268	1.97753
-1.34309	1.53537
-1.35364	1.46637
-1.33179	1.48669
-1.32004	1.49545
-1.31457	1.50588
-1.424	1.7113
-1.65726	2.12616
-1.99545	2.63974
-1.96846	2.28606
-1.44012	1.11863
-0.541081	0.289977
-0.312672	0.342247
-0.157025	0.275067
-0.202006	0.144476
0.0251825	0.140171
-0.0951761	-0.210817
-0.0206673	0.181052
0.0977519	0.314338
0.165468	0.420176
-0.93388	0.571275
-1.21689	1.38395
-1.05822	1.13486
-1.00275	1.01697
-0.965126	0.8846
-1.01	0.841717
-1.03683	0.945402
-1.28804	1.14156
-0.846991	0.300697
-0.11969	-0.0483676
0.276928	0.107868
0.509795	0.342209
0.50958	0.444919
0.406553	0.726897
0.172355	0.729944
-0.21444	0.424962
-0.235413	0.492041
-0.276421	0.766688
-0.511528	0.668741
-0.601522	0.76881
-1.54588	1.30111
-1.78859	1.77112
-1.58355	1.42715
-1.58311	1.61305
-1.61017	1.80078
-1.72655	2.05117
-1.75111	1.69973
-1.86329	2.52292
-1.827	2.32445
-1.59855	1.58832
-1.58897	1.41037
-1.55811	1.23391
-1.44067	0.993744
-1.37336	0.893732
-1.24938	0.714986
-1.17165	0.536802
-1.38393	0.945576
-1.45903	0.978049
-1.31949	0.793004
-1.24943	0.962471
-1.08144	0.873645
-0.0636314	0.08186
0.337308	0.496666
-0.592392	0.279105
-0.986219	1.03652
-0.735153	0.815341
-0.779178	0.914177
-0.843564	1.10824
-0.702026	0.843294
-0.707199	0.824124
-0.747355	0.773908
-0.69508	0.646416
-0.637219	0.546763
-0.595616	0.430891
-0.599972	0.464511
-0.764131	0.619487
-0.811632	0.477814
-0.887547	0.608084
-0.961757	0.626118
-1.02945	0.685368
-1.20142	0.975963
-1.40092	0.970012
-1.46091	0.9315
-1.41525	0.799951
-1.27986	0.696497
-1.18857	0.64873
-0.148431	0.216833
-0.376407	0.000670279
-0.288115	0.193609
0.296098	-0.112193
0.10161	-0.0703123
-0.416579	0.147928
-1.25312	0.813578
-1.34261	1.10265
-1.25829	0.9972
-1.22037	1.07899
-1.23382	1.11496
-1.25681	1.19227
-1.21965	1.11291
-1.22247	1.07824
-1.27481	1.10352
-1.39886	1.29928
-1.36484	1.17372
-1.39956	1.12981
-1.46379	1.20355
-1.66442	1.69784
-1.48915	1.19958
-1.04506	0.629424
-0.674649	0.48322
-0.526218	0.0380241
-0.591699	-0.0830158
-0.428967	0.0283808
-0.245101	-0.0619477
-0.710425	0.0949081
-0.976665	0.319997
-1.59237	1.44334
-1.79133	1.72949
-1.70224	1.67972
-1.75009	1.82509
-1.82709	1.91106
-1.83934	1.83587
-1.84806	1.75084
-1.73121	1.45699
-1.65761	1.48367
-1.63669	1.6187
-1.59896	1.6278
-1.93841	2.11943
-1.32604	1.03907
-0.333579	0.448072
0.388142	0.326764
0.553592	0.520913
0.294299	0.300036
0.0303348	0.204976
-0.637208	0.580676
-0.779616	0.899642
-0.694084	0.900173
0.0119207	0.773393
-0.153079	0.64549
-0.420336	0.623838
-0.743677	0.129577
-0.972621	0.569004
-0.718757	0.333362
-1.08091	0.839366
-1.30207	1.13386
-1.3929	1.2645
-1.63468	1.65653
-1.5931	1.38315
-0.717295	0.268891
-0.0932888	0.266158
0.112746	0.285358
0.134668	0.354079
0.214835	0.110053
0.238266	0.245384
0.0981991	0.226982
0.10609	0.33487
0.0116485	0.158901
-0.140687	0.168993
-0.384429	0.248664
-1.55985	1.04487
-1.70155	1.63708
-1.82374	1.97304
-1.75557	1.96636
-1.63959	1.70063
-1.72822	1.92134
-1.71582	1.94616
-1.93892	2.29172
-1.91511	2.24773
-2.06537	2.40104
-2.01178	2.04968
-1.93615	1.76639
-1.72352	1.27806
-1.73388	1.41773
-1.71502	1.54028
-1.6664	1.48405
-1.43788	1.22208
-1.3668	1.22888
-1.25254	1.0901
-1.16633	1.01029
-0.965732	0.771373
-0.882033	0.756657
-0.827761	0.718702
-0.760338	0.683047
-0.751133	0.688878
-0.836467	0.81107
-0.752729	0.656564
-0.726328	0.576844
-0.76422	0.625186
-0.718837	0.554071
-0.664685	0.527773
-0.762902	0.650495
-0.992986	0.997902
-0.694799	0.525244
-0.679905	0.461371
-1.01658	0.797762
-0.435039	0.589213
-0.00618612	0.382144
0.0921508	0.509375
0.309495	0.404078
0.17654	0.24862
0.708939	0.517511
0.701101	0.565362
0.475023	0.351758
0.370092	0.454037
0.47639	0.334496
0.392138	0.329573
0.301923	0.411598
0.120812	0.370307
0.104762	0.47322
-0.0662241	0.439788
-0.143685	0.362337
-0.104938	0.552584
0.00935549	0.541599
-0.0381898	0.49729
-0.335794	0.921874
-0.511252	0.993513
-0.765607	1.24637
-0.736601	1.34261
-0.5108	1.10735
-0.453349	0.882416
-0.379505	0.704325
-0.514222	0.972813
-0.438802	0.846651
-0.493007	0.913808
-1.39314	1.04606
-1.66737	1.32294
-1.56862	1.35958
-1.67614	1.83595
-1.55143	1.46926
-1.45158	1.14063
-1.58175	1.39758
-1.7317	1.66605
-1.58878	1.45306
-0.914468	0.12661
-0.344991	-0.19734
0.262818	-0.0740037
0.484962	0.0579122
0.509225	0.402281
0.460073	0.540454
-0.0435791	0.685128
-0.719964	0.613941
-1.85986	2.04883
-1.71044	1.80912
-1.63791	1.80236
-1.65136	1.99559
-1.70487	2.13787
-1.58745	2.00532
-1.17732	1.439
-0.784801	0.861124
-0.574433	0.614563
-0.490985	0.418891
-0.518935	0.27079
-0.906046	0.268468
-1.34939	0.965498
-1.67108	1.75205
-1.57093	1.47779
-1.52883	1.20153
-1.64822	1.29613
-0.592227	0.175213
0.0579363	-0.210282
0.147005	-0.160205
-0.349939	-0.0662159
-1.1487	1.04706
-1.31314	1.51244
-1.29714	1.55647
-1.39425	1.76629
-1.59557	2.13524
-1.84303	2.62288
-2.11121	2.99989
-1.38154	1.19296
-0.543274	0.607873
-0.204254	0.590818
-0.133963	0.664596
-0.19145	0.811776
-0.29612	0.883971
-0.517893	0.99115
-0.795591	1.1248
-1.23986	1.51399
-1.51605	1.52501
-1.00742	1.15804
-1.17892	1.38849
-1.3429	1.65504
-1.12635	1.22541
-1.07052	1.08394
-1.05129	0.940461
-0.961854	0.820604
-0.892684	0.789794
-0.995271	0.821607
-0.334973	0.0487678
-0.0785753	-0.00667747
0.291004	0.131858
0.554557	0.286283
0.299159	0.110371
0.301921	0.04102
0.150339	-0.155051
-0.0440234	0.0334434
-0.281376	0.260994
-0.345304	0.283682
-0.340762	0.322122
-0.302205	0.426538
-0.330508	0.529563
-0.616029	0.724281
-1.1565	1.17761
-1.34237	1.01449
-0.798367	0.539695
-0.649058	0.70467
-0.53554	0.785233
0.539622	0.227984
0.736946	0.522831
-0.809795	0.302345
-1.88121	2.18792
-1.69636	1.8382
-1.59515	1.70855
-1.54641	1.7248
-1.54537	1.92507
-1.63266	2.28396
-1.65629	2.28262
-1.51376	1.90654
-1.40555	1.62702
-1.36898	1.49389
-1.41416	1.54425
-1.36603	1.44638
-1.34163	1.26319
-1.3848	1.13883
-1.54129	1.14373
-1.67847	1.55302
-1.32931	1.18144
-1.26568	1.139
-0.0802909	0.245964
0.0719655	0.186771
-1.37623	1.00624
-1.5836	1.70752
-1.56844	1.6517
-1.57069	1.59043
-1.66325	1.89095
-1.92072	2.49282
-2.0322	2.46843
-1.9184	2.39195
-1.83448	2.28674
-1.67596	1.94869
-1.5531	1.68034
-1.4943	1.46479
-1.62492	1.52109
-1.5327	1.21593
-1.30604	0.692344
-1.32691	0.697925
-1.27088	0.766339
-1.45043	1.14355
-1.48153	1.22955
-1.40086	1.09614
-1.50749	1.29006
-1.48297	1.17206
-1.49224	1.16712
-1.55051	1.13105
-1.61951	1.34556
-1.68255	1.4162
-1.61721	1.11827
-1.81722	1.72959
-1.62138	1.38066
-1.31437	0.959714
-1.53432	1.50083
-1.37634	1.16171
-1.57647	1.47229
-1.44638	1.61057
-0.47055	0.788599
-0.482405	0.897283
-0.532286	1.04124
-0.454448	0.854006
-0.527274	1.02298
-0.658749	1.22328
-0.584074	0.958903
-0.488329	1.08483
-0.50216	0.939345
-0.759272	0.935861
-1.54364	1.0494
-1.73223	1.18518
-1.82045	1.44526
-2.1296	1.98486
-1.88936	1.32356
-1.66567	0.998987
-1.77349	1.51663
-1.94083	2.27059
-2.05372	2.70195
-1.89243	2.45931
-1.84037	2.42817
-1.81315	2.43863
-1.54896	1.95074
-1.2923	1.4562
-1.21539	1.39742
-1.30901	1.61475
-1.34254	1.72396
-1.43524	1.91158
-1.41094	1.83095
-1.33577	1.65563
-1.38216	1.65587
-1.43398	1.73633
-1.37865	1.68836
-1.22613	1.51621
-1.18213	1.55811
-1.20027	1.63557
-1.45736	2.02983
-1.71957	2.21275
-1.58708	1.99453
-1.27603	1.50577
-1.19885	1.38213
-1.23181	1.44101
-1.28378	1.55627
-1.33619	1.66795
-1.24762	1.53891
-1.26121	1.50151
-1.20636	1.38684
-1.15482	1.26839
-1.10357	1.21211
-1.04867	1.12299
-1.13546	1.31304
-1.17268	1.40169
-1.11301	1.22528
-0.987143	0.990049
-0.953588	0.841264
-0.9942	0.801631
-0.944166	0.701127
-1.00577	0.741303
-0.943348	0.715717
-0.981318	0.639578
-0.759342	0.479811
-0.704654	0.523936
-0.716863	0.597527
-0.799724	0.752488
-0.877199	0.893817
-0.937393	1.05603
-1.01536	1.12248
-1.0523	1.17573
-1.00482	1.0786
-1.05082	1.12793
-1.09645	1.13509
-1.11069	1.09237
-1.15434	1.02895
-1.26928	1.15127
-1.31811	1.16011
-1.38364	1.13228
-1.55599	1.38694
-1.59484	1.47183
-1.55075	1.43288
-1.56812	1.50321
-1.59492	1.6105
-1.5047	1.40691
-1.47568	1.41047
-1.5339	1.61409
-1.53246	1.69036
-1.55589	1.80024
-1.52303	1.69505
-1.63364	1.88839
-1.82722	2.24514
-1.89228	2.12101
-1.81695	1.85709
-1.60565	1.38023
-1.68084	1.54888
-1.75886	1.64081
-1.78848	1.70858
-1.712	1.49577
-1.66041	1.5013
-1.51279	1.35911
-1.3828	1.39689
-1.15199	1.32583
-1.10721	1.36887
-1.0201	1.35219
-0.842535	0.984305
-0.599612	1.03474
-0.627401	0.893297
-0.730704	1.19173
-0.627509	1.20782
-0.623877	1.05761
-0.647943	1.0431
-0.580546	0.996011
-0.690727	1.13752
-0.527047	0.938694
-0.458822	0.922966
-0.518552	0.838415
-0.447776	0.737258
-1.08405	0.846405
-1.33797	1.05396
-1.38805	1.00125
-1.53286	1.17747
-1.63106	1.39167
-1.73539	1.66619
-1.59648	1.23021
-1.77857	1.79698
-1.62686	1.59776
-1.78747	1.92053
-2.12617	2.468
-1.7101	1.76207
-1.77887	2.03899
-1.56415	1.66853
-1.65612	1.87553
-1.67712	1.79665
-1.87492	2.20622
-1.7173	1.90191
-1.79188	1.98409
-1.58366	1.51406
-1.47555	1.20034
-1.61463	1.34626
-1.63853	1.41504
-1.69479	1.43669
-1.63012	1.3952
-1.3433	0.663222
-0.53205	0.0302184
0.231214	-0.247681
-0.0775455	-0.222972
-0.977893	0.391995
-1.42761	0.992411
-1.41738	0.960427
-1.47608	1.18465
-1.54334	1.29518
-1.66356	1.72574
-1.78645	2.07585
-1.84613	2.2525
-1.80028	2.24798
-1.62245	1.82464
-1.65923	1.89816
-1.70449	1.98681
-1.65112	1.79295
-1.84926	2.10554
-1.81986	2.13916
-1.65943	1.73917
-1.7222	1.8689
-1.49684	1.3606
-1.24611	0.942207
-1.28687	1.11168
-1.38444	1.14753
-1.56359	1.41042
-1.38915	1.0789
-1.51691	1.22643
-1.56865	1.15066
-1.64642	1.05705
-1.78314	1.28762
-1.95901	1.67189
-1.85295	1.64022
-1.82186	1.92897
-1.84738	2.28806
-1.78388	2.20627
-1.40772	1.61283
-1.59892	2.15227
-1.59221	1.50729
-1.33986	0.991843
-1.43135	1.19658
-1.37489	1.21339
-1.3892	1.2406
-1.42504	1.20955
-1.41319	1.1063
-1.45991	1.36757
-1.3837	1.16275
-1.46209	1.25835
-1.49139	1.18485
-1.40681	0.894391
-0.87368	0.343134
0.0731722	-0.276184
0.61496	0.12242
0.538454	0.197164
0.652126	0.473263
0.595532	0.488281
-0.229775	0.0302275
-1.02657	0.360017
-1.40498	0.94772
-1.28557	0.775615
-1.43512	1.01446
-1.41984	0.877479
-1.72599	1.45433
-1.50814	1.29153
-1.40577	0.970781
-1.23439	0.689527
-1.49441	1.15321
-1.49841	1.25649
-1.46052	1.38384
-1.24136	1.05937
-1.06838	0.889594
-1.08751	0.972254
-0.625429	0.994536
-0.477358	0.865404
-0.489515	0.975427
-0.382016	0.877373
-0.546644	0.892073
-0.729785	1.12028
-0.722112	1.10718
-0.619085	0.980743
-0.22956	0.638566
-0.527663	0.970266
-0.518594	1.05869
-0.384936	1.02107
-0.421287	1.12269
-0.502952	0.979149
-0.521932	0.917257
-0.615017	1.12648
-0.576008	0.930302
-0.523018	1.04335
-0.669671	1.16057
-0.416501	1.01717
-0.644574	0.646686
-1.8401	1.85753
-1.68277	1.57833
-1.72286	1.51309
-1.70994	1.34744
-1.63609	1.22563
-1.37011	1.11081
-1.82927	1.86092
-1.80297	2.17236
-1.58746	1.79026
-1.79835	2.24162
-1.58554	1.83083
-1.32692	1.29169
-1.50644	1.56036
-1.43493	1.50374
-1.39952	1.43742
-1.66725	2.04331
-1.80286	2.25877
-1.79319	2.01748
-1.77133	1.85046
-1.8176	1.9879
-1.61245	1.6662
-1.47316	1.57477
-0.809129	1.63746
-0.877156	1.80203
-1.49196	2.1745
-1.08786	1.36175
-0.904589	1.20227
-0.837131	1.08451
-0.902907	1.12037
-0.977373	1.10997
-1.0984	1.13365
-1.51618	1.61139
-1.64691	1.4836
-0.72425	0.502765
-0.145678	0.336575
0.131538	0.391517
0.275071	0.406199
-0.0539833	0.380641
0.0295414	0.457092
-0.356733	0.423767
-0.5732	0.401021
-0.507962	0.520351
-0.757277	0.750809
-0.537631	0.770115
-0.737485	0.929676
-0.675906	0.691345
-1.96895	2.1467
-1.83746	2.08796
-1.72462	1.97998
-1.69435	1.91977
-1.7445	2.00433
-1.91312	2.40565
-1.76522	2.05476
-1.09572	1.09784
-1.01114	0.618205
-1.74483	2.03237
-1.71925	1.95251
-1.67376	1.86899
-1.57938	1.69832
-1.49637	1.54142
-1.41198	1.30109
-1.35797	1.25826
-1.36736	1.28395
-1.53485	1.50185
-1.59441	1.471
-1.44281	1.37591
-1.23096	1.22425
-1.34111	1.40223
-1.29294	1.39852
-1.31276	1.41009
-1.41091	1.5008
-1.26503	1.28007
-1.27689	1.26412
-1.35555	1.29586
-1.45249	1.40262
-0.977841	0.726626
-0.671548	0.475324
-0.463427	0.365611
-0.467848	0.343922
-0.380619	0.334697
-0.407918	0.339423
-0.43962	0.269183
-0.488366	0.315952
-0.0709582	0.270538
0.502735	0.553805
0.788773	0.812817
0.903717	0.924685
0.786106	0.81336
0.7148	0.76392
0.81958	0.801357
0.671617	0.593894
0.569609	0.587714
1.02714	0.896513
1.06738	1.10554
0.929973	0.913943
0.642577	0.769521
0.556858	0.716576
0.0156727	0.558826
-0.652148	0.521589
-0.623096	0.639192
-1.06062	1.25791
-0.806666	0.927839
-0.685243	0.795202
-0.834697	1.00356
-0.89042	0.989974
-1.11249	1.19416
-1.28837	1.29476
-1.4745	1.5559
-1.50831	1.5898
-1.63959	1.8406
-1.61066	1.70281
-1.53805	1.48639
-1.58275	1.54287
-1.60394	1.45002
-1.63079	1.4931
-1.85075	2.01583
-1.96978	2.16775
-2.18964	2.4575
-1.98121	1.95912
-1.73587	1.4856
-1.65393	1.53995
-1.681	1.58173
-1.91357	1.85947
-1.65837	1.7249
-0.870939	1.24684
-0.925416	0.971983
-0.910999	0.916231
-0.831297	0.85464
-0.648511	1.05428
-0.696125	0.927857
-0.701282	0.90491
-0.652285	0.886526
-0.603606	0.80175
-0.593114	0.856795
-0.636736	0.843861
-0.829264	1.29659
-0.639194	1.08281
-0.577334	0.992721
-0.600174	1.08528
-0.412736	1.04333
-0.635353	1.12641
-0.867318	0.871579
-0.630386	1.1103
-0.426394	1.06029
-0.284807	0.908968
-0.0639246	0.837477
-0.0715404	0.634314
0.116926	0.66051
-0.229051	0.776326
-0.0365448	0.655176
0.0907987	0.883009
-0.0446146	0.915754
0.117297	0.707012
0.0296409	0.62363
-0.128997	0.846866
0.134233	0.945452
-0.254178	0.763119
-1.48942	1.54156
-1.74848	2.37882
-1.36976	1.79554
-0.968528	1.21486
-0.841688	1.07716
-0.670557	0.749913
-0.628483	0.62921
-0.6946	0.531231
-0.923979	0.500569
-1.46467	1.19841
-1.13845	0.804128
-1.07302	0.88399
-1.01116	0.928952
-0.478834	0.699476
-0.551105	0.5197
-1.27748	1.09273
-1.28784	1.12019
-1.31908	1.11628
-1.53267	1.48327
-1.78878	1.70837
-1.62635	1.19709
-0.864146	0.223523
-0.472973	0.265238
0.0944144	0.23269
0.44394	0.233339
0.500499	0.33386
0.383253	0.276505
0.300212	0.384934
0.0102303	0.308757
-0.153004	0.265689
-0.142226	0.282234
-0.831399	0.679873
-2.02984	2.52373
-1.9928	2.60578
-2.08086	2.82476
-2.20896	2.95038
-2.03124	2.11893
-2.17804	2.19521
-2.17777	1.87684
-2.20819	1.85611
-2.28586	2.29748
-2.39868	2.62371
-2.15785	2.11387
-1.95965	1.90044
-1.8225	1.80796
-1.71007	1.72593
-1.79644	2.1995
-1.88092	2.28163
-1.76261	2.01329
-1.75747	1.9111
-1.71175	1.81261
-1.77392	1.81499
-0.890643	1.07734
-0.447615	0.597897
0.0777629	0.237223
0.22184	0.244006
-0.00766248	0.323899
-0.177437	0.413131
-0.409896	0.562807
-0.833523	0.769739
-0.942505	0.568206
-1.12237	0.645452
-1.15566	0.683791
-1.30408	0.953157
-1.35951	1.07565
-1.42383	1.28981
-1.18077	0.894961
-1.20022	0.934508
-1.19914	1.0491
-1.1723	1.09465
-1.18855	1.18216
-1.20802	1.29429
-1.27044	1.43911
-1.39008	1.73924
-1.50238	1.96422
-1.71866	2.34526
-1.52074	1.72725
-1.28586	1.48447
-1.44561	1.51589
-1.24442	0.941337
-1.37379	1.00678
-1.47359	1.13337
-1.21729	1.05132
-1.46821	1.6548
-1.08379	1.17601
-0.641966	0.876196
-0.857142	0.939427
-0.885492	1.15245
-0.876662	1.0296
-0.8909	1.04475
-0.221877	0.583608
-0.174926	0.572716
-1.21221	0.743371
-1.54941	1.29958
-1.36193	0.805856
-1.5615	1.01409
-2.04838	1.97548
-1.87793	1.48036
-1.71626	1.44525
-1.21204	0.676394
-1.06027	0.803406
-1.08346	0.935792
-0.836225	0.830091
-0.876251	0.935784
-0.733744	1.22304
-0.713184	1.38991
-0.628688	1.48553
-1.13062	1.4076
-0.609965	0.825066
-0.315442	0.528964
-0.194676	0.254452
-0.121595	0.233371
-0.208663	0.228246
-0.44447	0.471562
-0.662996	0.612564
-0.848033	0.806975
-0.890798	0.879196
-1.003	0.860912
-1.17805	1.09982
-1.25729	1.18764
-1.19373	1.1249
-1.09987	0.903422
-1.03425	0.885358
-1.08296	0.841525
-1.08149	0.841474
-0.922178	0.686424
-0.873001	0.726776
-1.29406	1.08721
-1.16363	0.950828
-0.926927	0.760967
-0.754801	0.566247
-0.618812	0.363
-0.473119	0.310216
-0.584146	0.410309
-0.566722	0.399745
-0.596815	0.570007
-0.652269	0.581189
-0.751841	0.702039
-1.07882	1.05315
-1.1301	1.32029
-1.14067	1.20512
-1.30327	1.41654
-1.48333	1.70355
-1.43493	1.60338
-1.21665	1.38749
-1.22565	1.42373
-1.23972	1.31526
-1.54676	1.67552
-1.41329	1.50427
-1.09854	1.06815
-1.15607	1.05452
-0.911603	0.889506
-0.602838	1.1372
-0.710464	1.17891
-0.66206	0.976415
-0.491576	0.766252
-0.529889	0.905163
-0.530223	1.02406
-0.280386	0.973628
-0.520689	1.00307
0.41409	0.649806
0.566439	0.291658
0.811454	0.646878
0.949652	0.808074
0.877972	0.750328
1.0715	0.912017
1.08571	0.985323
0.958928	0.774054
0.952033	0.858337
0.761098	0.630241
0.335763	0.614577
0.142537	0.417879
-0.26135	0.577131
-1.48469	1.2074
-1.39746	1.35622
-1.34811	1.33245
-1.34266	1.34945
-1.39938	1.52846
-1.35352	1.50135
-1.6203	2.06859
-1.72356	2.11074
-1.72704	1.98922
-1.83107	2.2888
-1.65519	1.90414
-1.38472	1.44626
-1.32348	1.34745
-1.31164	1.36589
-1.26535	1.32024
-1.24958	1.30757
-1.43719	1.68782
-1.6796	2.17153
-1.70774	2.17409
-1.73447	2.24176
-1.68201	2.074
-1.55838	1.76529
-1.31985	1.16758
-1.15107	0.834966
-1.14518	0.833478
-1.15887	0.863424
-1.18726	0.909735
-1.26035	1.00121
-1.36609	1.12036
-1.36478	0.897636
-1.4394	0.791899
-1.49059	0.737646
-1.57538	0.850406
-1.59422	0.83032
-1.61432	0.925356
-1.64347	0.852518
-1.55693	0.772059
-1.44052	0.638027
-1.46301	0.763906
-1.59472	1.18959
-1.54593	1.24136
-1.49714	1.2262
-1.43671	1.23404
-1.39953	1.26275
-1.30297	1.18788
-1.20026	1.14991
-1.12206	1.0712
-0.976094	0.926184
-0.90202	0.892977
-0.920567	1.00068
-0.929456	1.07327
-0.843424	1.03554
-0.72773	0.837519
-0.699182	0.752123
-0.742428	0.805715
-0.687947	0.681628
-0.792117	0.566369
-0.941025	0.899444
-0.930859	0.907714
-1.17326	1.20609
-1.41499	1.63098
-1.5036	2.02567
-1.03483	1.3041
-0.970254	1.25338
-0.970726	1.18479
-0.841316	1.04891
-0.847681	1.21092
-0.772733	1.08894
-0.826584	1.17949
-0.92665	1.25323
-0.965576	1.29926
-0.782849	1.10108
-0.900524	1.12578
-0.822718	1.1683
-0.441502	1.046
-0.286449	0.873227
-0.358483	0.684056
-0.352725	0.907773
-0.620216	0.992766
-0.568073	0.835765
-0.268771	0.899563
-0.348222	1.08724
-0.45229	0.841397
-0.531187	0.760892
-0.633688	0.912018
-0.964056	1.23898
-0.980429	1.11832
-0.849227	1.34761
-0.82308	1.32536
-0.593362	0.967268
-0.548399	1.14688
-0.656324	1.20696
-0.584922	1.18187
-0.526137	0.966136
-0.463393	0.985602
-0.5049	1.08151
-0.471687	1.13602
-0.652656	1.03406
-0.578989	1.11465
-0.444677	0.873988
-0.390988	0.762121
-0.553637	0.963754
-0.515181	1.02574
-0.62997	0.92011
-0.599455	0.92176
-0.596297	0.901105
-0.491679	0.731544
-0.691472	1.12265
-0.620654	1.04169
-0.515437	0.924796
-0.346684	0.920762
-0.111712	0.816978
-0.54708	0.977093
-0.674317	1.10608
-0.582247	1.14401
-0.522923	0.941725
-0.574155	0.869687
-0.406896	0.889916
-0.564883	1.11781
-0.471049	0.996793
-0.406903	1.02232
-0.586749	1.08733
-0.497575	1.12482
-0.527394	1.02984
-0.3689	0.933445
-0.447731	0.848759
-0.39674	0.831874
-0.522146	0.894655
-0.613449	0.856697
-0.678499	0.733846
-1.50603	1.54183
-1.57271	1.33084
-1.44546	0.971393
-1.7338	1.53458
-1.84585	1.74458
-1.96492	1.95006
-1.83137	1.57922
-1.7697	1.23137
-1.6777	0.889951
-1.54697	0.545342
-1.59151	0.626238
-1.40499	0.131584
-1.56987	0.443293
-1.54381	0.377445
-1.53163	0.556435
-1.49853	0.771648
-1.33433	0.888286
-1.25238	0.827534
-1.29939	0.927466
-1.40861	1.16839
-1.39911	1.23623
-1.42449	1.29453
-1.48101	1.36763
-1.71965	1.74172
-1.45736	1.02779
-1.22591	0.958821
-1.04246	0.672615
-1.04533	0.427887
-1.6937	1.03217
-1.54617	0.767032
-1.39663	0.57473
-1.3652	0.738659
-1.36109	0.577004
-1.75084	1.59754
-1.13568	0.757825
-0.222401	0.826463
-0.115762	0.799327
0.374065	0.835925
0.462024	0.708358
0.352456	0.457508
-0.328641	0.18453
-0.873458	0.879094
-0.732727	0.842189
-0.65065	1.05089
-0.13428	0.644459
-0.322725	0.632589
-1.54957	1.47657
-1.31582	1.2316
-1.3652	1.33013
-1.29654	1.14878
-1.31216	1.10228
-1.34832	1.07719
-1.41442	1.04727
-1.57786	0.99444
-1.63134	1.25349
-1.78103	1.4209
-1.51297	0.979339
-1.51871	0.84283
-1.51227	0.904165
-0.947544	0.682441
-0.736067	0.542516
-1.37784	0.988395
-1.32764	1.00977
-1.15043	0.640681
-1.1177	0.55298
-1.05869	0.473995
-1.15444	0.664845
-1.34916	0.98731
-1.47867	1.2868
-1.58367	1.49096
-1.35818	0.881505
-1.2379	0.566211
-1.35104	0.906561
-1.15895	0.762682
-0.892051	0.831599
-0.850463	0.802503
-0.998983	0.895925
-0.559275	0.662458
-0.863803	0.828528
-1.78475	2.07629
-1.53864	1.67905
-1.56998	1.78094
-1.51949	1.67091
-1.47159	1.5539
-1.53783	1.5997
-1.67366	1.90637
-1.71108	1.96436
-1.82643	2.2127
-1.9178	2.40373
-1.79492	2.44141
-1.4202	1.89856
-1.01632	1.3837
-0.578633	0.784837
-0.449702	0.595878
-0.413448	0.476024
-0.446055	0.458898
-0.405428	0.387342
-0.349657	0.296028
-0.445459	0.173681
-0.500854	0.145752
-0.806375	0.476943
-0.74683	0.676871
-0.896348	0.910332
-0.995386	1.01185
-1.26781	1.34972
-1.27271	1.10461
-1.00495	0.932961
-0.930119	0.801825
-1.06554	1.16956
-0.807522	1.0243
-0.702168	0.819928
-0.65109	1.02936
-0.576771	0.829959
-0.42765	0.750735
-0.628406	1.03316
-0.491461	0.807254
-0.663866	0.99505
