-0.666355	0.512315
-0.551816	0.806224
-0.501142	0.83976
-0.685111	0.667642
-1.02772	0.641709
-1.18151	0.681623
-0.664986	0.369337
-0.199413	0.387359
0.199336	0.286817
0.067873	0.496896
-0.0542815	0.507282
-0.38675	0.24743
-0.777176	0.381814
-0.856902	0.617465
-1.00115	0.8125
-1.30874	1.40837
-1.49883	1.42711
-1.56545	1.4
-1.66862	1.90035
-1.58247	1.48788
-0.531622	0.667188
-0.117582	0.651992
0.0266979	0.871904
-0.267739	0.919418
-0.21179	0.957888
-0.207732	0.78917
-0.437056	0.794954
-0.658227	0.908024
-1.70217	1.82913
-1.96885	1.91377
-2.05961	2.0853
-2.11917	2.38626
-2.21616	2.5812
-2.03751	2.26779
-2.2108	2.58622
-1.83598	1.73852
-1.81505	1.65284
-1.79197	1.51953
-1.81418	1.49532
-1.74022	1.36299
-1.73619	1.49908
-1.67259	1.25115
-1.42348	1.0172
-0.980073	0.576884
-0.958618	0.542312
-1.03708	0.573056
-1.17429	0.788286
-1.21588	0.885962
-1.25483	0.88338
-1.02817	0.351621
-0.752373	0.106858
-0.499678	-0.185178
-0.776624	0.27596
-1.00941	0.576891
-0.884058	0.435886
-0.982793	0.557026
-1.0511	0.570916
-0.869775	0.609392
-0.902187	0.446984
-1.13591	0.765877
-1.5741	1.05034
-1.87908	1.41651
-1.83815	1.42189
-1.74105	1.23128
-1.80557	1.51485
-1.79193	1.44625
-1.88976	1.90732
-1.79014	1.94598
-1.42868	1.1749
-1.2921	1.09038
-1.64592	1.7198
-1.53124	1.4097
-1.42468	1.33338
-1.58911	1.74926
-1.45308	1.58124
-1.41945	1.51133
-1.44619	1.70746
-1.46709	1.86967
-1.39206	1.79505
-1.19119	1.40428
-1.01098	1.06718
-0.982806	1.05392
-1.35825	1.21039
-1.30324	0.931426
-1.08241	0.50205
-1.24119	0.66106
-1.56052	1.26134
-1.31175	0.731021
-1.19528	0.757393
-1.41386	1.0389
-1.23139	0.848728
-0.855824	0.271883
-0.804446	0.54434
-0.74646	0.562725
-0.880653	0.975053
-0.723852	0.903842
-0.826231	0.949278
-0.770355	0.980984
-0.89837	1.08157
-0.803956	0.860373
-0.791899	0.893496
-0.754851	1.0894
-0.399859	0.733793
-0.5951	0.828125
-0.626341	0.745757
-0.512191	1.02431
-0.554511	0.79598
-0.617382	0.990719
-0.502365	0.754121
-0.488295	0.927886
-0.801657	1.12099
-0.671631	0.875942
-0.567234	0.866999
-0.685239	1.08717
-0.764971	1.09087
-1.22213	1.07871
-1.71978	1.35678
-1.67617	1.46852
-1.62707	1.24467
-1.71024	1.36938
-1.68762	1.35254
-1.44672	1.63075
-1.2863	0.483871
-1.36553	0.463836
-1.50445	0.717015
-1.64192	0.855631
-1.69196	0.827587
-1.91119	1.27759
-1.82575	1.10454
-2.02069	1.46079
-1.83326	1.03118
-1.8996	1.04941
-1.94083	1.47674
-1.91337	1.40916
-1.87619	1.39057
-1.4979	0.601985
-1.76444	1.1883
-1.81191	1.50067
-1.35626	0.494734
-1.30495	0.631129
-1.34704	0.883397
-1.11117	0.805769
-1.25038	1.16661
-1.21661	1.08285
-1.2058	1.29886
-0.965314	1.16369
-1.36202	1.3998
-1.29996	1.43026
-0.410454	0.824292
-0.690457	0.882413
-0.733271	0.750057
-0.843332	0.741951
-1.12474	0.959276
-1.2793	0.82993
-1.36478	1.08862
-1.17421	0.81527
-0.105411	0.510275
0.661441	0.65696
0.371663	0.493216
-0.562461	0.314143
-1.15546	0.757991
-1.32165	1.14315
-1.5267	1.32861
-1.91348	1.73598
-1.93083	1.72556
-1.45399	1.26108
-0.494398	0.941744
-0.102609	0.990287
-0.132449	0.937196
-0.0138008	0.77416
0.129196	0.936031
-0.104354	0.743594
-0.954285	0.736059
-1.75124	1.25158
-1.68706	1.16022
-1.78094	1.44855
-1.66188	1.24415
-1.68895	1.45405
-1.94717	1.98221
-1.88893	1.89229
-1.75982	1.52525
-1.74223	1.376
-1.86405	1.53829
-0.883079	0.282172
-0.954803	0.446843
-1.31688	0.202129
-1.6431	1.04617
-1.65235	1.07391
-1.40421	0.828421
-1.58044	1.31854
-1.39372	0.974393
-1.35846	0.84919
-1.65749	1.2497
-1.90614	1.78524
-1.79451	1.36188
-1.73857	1.21295
-0.958902	0.577768
0.115273	0.686286
0.397376	0.632414
0.402755	0.864213
0.142927	0.481204
-0.272211	0.588545
-0.490535	0.826227
-0.685973	0.709828
-0.403589	0.50277
-0.832522	0.563425
-1.48471	1.26303
-1.28855	0.968124
-1.97779	1.95773
-1.97786	1.78314
-2.27384	2.495
-1.90385	1.51843
-1.68854	1.45563
-1.42046	1.16625
-0.872016	0.580673
-0.382758	0.564476
-0.183435	0.471532
0.0227363	0.810544
-0.14568	0.739649
0.0710313	0.979843
-0.575391	0.939031
-1.52281	1.55525
-2.13195	2.64651
-2.20993	3.04588
-2.15386	2.84513
-2.11467	2.81733
-1.84445	2.38554
-1.89614	2.50643
-1.90144	2.37782
-2.01805	2.26415
-1.92026	2.24902
-1.63102	1.60909
-1.87645	2.15171
-1.64185	1.68645
-1.67119	1.62416
-1.46552	1.23622
-1.44741	1.3292
-1.21314	1.15575
-1.34227	0.863167
-1.32667	1.19391
-0.984072	0.85448
-1.20238	1.1928
-0.99861	0.889074
-0.940053	0.797516
-0.852972	0.922175
-0.831119	1.04297
-0.872819	1.09764
-0.781252	1.14234
-0.67104	1.0164
-0.745424	1.01528
-0.727679	1.02809
-0.514483	0.840016
-0.669996	1.00014
-0.996485	0.720467
-1.39336	0.985945
-1.66522	1.16622
-1.63185	1.30471
-1.69515	1.35504
-1.22355	1.26359
-1.42143	0.993689
-1.52457	0.933243
-1.48594	0.741764
-1.58544	0.82564
-1.65445	0.831982
-1.48611	0.344972
-1.44521	0.276293
-1.55925	0.499452
-1.60958	0.553041
-1.52191	0.490219
-1.43342	0.512992
-1.37214	0.543131
-1.41493	0.806551
-1.29087	0.600829
-1.43306	0.891109
-1.31822	0.947573
-1.61701	1.18737
-1.74533	1.51103
-1.791	1.43233
-1.62396	1.14415
-1.39878	0.768876
-1.23988	0.534806
-1.18566	0.387756
-1.17175	0.605492
-1.0295	0.654288
-1.02738	0.81515
-1.17755	0.826477
-1.38904	1.12568
-1.25648	1.05588
-1.19266	0.981924
-1.27366	1.14693
-1.55479	1.61215
-1.88242	1.77101
-1.91647	1.73916
-1.76293	1.25724
-1.89507	1.80138
-1.93013	1.87518
-1.96179	1.87225
-1.96073	2.06467
-1.75229	2.04721
-1.89632	2.53485
-2.07744	2.98242
-1.81462	2.32066
-1.89921	2.4008
-1.63273	1.86082
-1.43498	1.44653
-1.37114	1.35745
-1.29599	1.21541
-1.28063	1.06471
-1.34242	1.14393
-1.24378	1.00914
-1.20926	0.891657
-1.37295	0.965511
-1.52763	1.41353
-1.03273	0.791187
-0.971309	0.71632
-1.51439	1.43452
-1.68264	1.71399
-1.75446	1.89853
-1.94497	2.36847
-1.82626	2.04248
-2.10085	2.49955
-2.06264	2.27204
-1.88822	1.83317
-1.96751	2.02085
-1.95086	2.00215
-1.89312	1.97705
-1.79285	1.8719
-1.6347	1.57588
-1.59149	1.45812
-1.4395	1.28428
-1.27815	0.87297
-1.37165	0.875436
-1.48241	1.05898
-1.37401	0.874187
-1.23158	0.581529
-1.20658	0.762801
-1.17929	0.891599
-0.993058	0.850107
-0.859668	1.06646
-0.708414	0.798085
-0.80394	0.864972
-0.698108	1.01174
-0.577377	0.991628
-0.527302	0.958879
-0.640746	0.865325
-0.775949	1.08535
-0.654439	1.2366
-0.0571373	0.570606
-0.457155	0.67833
-0.485119	0.954898
-0.413684	0.67895
-1.17973	0.568918
-1.80138	1.12245
-1.7322	0.850242
-1.45629	0.54551
-1.42512	0.406625
-1.45446	0.572135
-1.59468	0.787988
-1.74758	1.15763
-1.74992	1.25947
-1.55245	0.958347
-1.46525	0.934667
-1.49235	1.02645
-1.34935	1.10291
-0.997984	0.918196
-0.48587	0.6128
-0.407389	0.375645
-0.97463	0.403908
-1.26555	0.419645
-1.38018	0.647183
-1.32843	0.469368
-1.65726	1.07591
-2.15835	2.36745
-2.18179	2.42337
-1.95163	2.73542
-1.73764	1.81632
-1.85103	1.81465
-1.9378	2.1263
-1.78669	1.55397
-1.71	1.49031
-1.85044	1.60216
-1.76149	1.3423
-1.76379	1.29477
-1.37079	0.722878
-1.65134	1.1802
-1.5908	0.99501
-1.51027	1.2496
-1.39174	1.10284
-0.958733	0.528282
-0.346304	0.1593
-0.0564871	0.364767
0.129993	0.265125
0.231851	0.584101
-0.209602	0.486424
-0.0335333	0.653998
-0.0266128	0.601108
-0.0886889	0.715581
-0.778296	0.561264
-1.60353	1.26636
-1.59429	1.14703
-1.39044	0.877738
-1.03091	0.295583
-0.991185	0.303791
-0.83182	-0.00412003
-0.589563	0.0900382
-0.316541	-0.259193
-0.0300715	-0.196588
0.159631	-0.144635
-0.0223812	-0.0802643
-0.274575	0.212428
-0.290426	-0.0834115
-0.667789	0.375497
-1.00473	0.532865
-1.35904	1.19884
-1.40325	1.49076
-1.84217	2.18422
-1.99053	2.07701
-2.08518	2.22574
-1.78935	1.34279
-1.89181	1.78903
-1.81964	1.82841
-1.49947	1.2334
-1.40038	1.33482
-1.37627	1.42231
-1.44203	1.5494
-1.44724	1.44825
-1.62192	1.77388
-1.64177	1.76098
-1.65813	1.7257
-1.55794	1.8642
-1.48863	1.71243
-1.50089	1.44334
-1.703	1.86354
-1.72881	1.97657
-1.65481	1.44343
-1.55655	1.26553
-1.51316	1.01965
-1.55155	0.985662
-1.86269	1.39342
-2.13684	1.86363
-1.77744	0.853066
-1.97674	1.39073
-1.91769	1.2969
-1.89424	1.27645
-1.69563	0.928092
-1.77015	1.13049
-1.98706	1.96492
-1.53766	1.37425
-1.1831	0.888549
-0.920983	0.476628
-1.17745	1.21706
-1.45155	2.11199
-1.22529	1.72888
-1.49286	1.46574
-1.65542	1.76715
-1.68373	1.87648
-1.72307	1.89022
-1.6566	1.85433
-1.68837	1.94504
-1.9731	2.39811
-1.97165	2.41738
-1.79338	1.8122
-1.53208	1.51977
-0.943508	1.38202
-1.19497	1.34466
-1.24748	1.28797
-1.70237	2.05977
-1.77177	2.00392
-1.45139	1.56303
-1.35329	1.35618
-1.00561	0.883465
-0.634489	0.139224
0.340198	0.00739463
0.374637	0.469838
0.257337	0.510818
0.0492408	0.512009
-0.100581	0.783347
-0.106949	0.895248
0.157781	0.914815
-0.526864	0.780996
-0.941045	1.00519
-1.4898	1.31711
-1.77674	1.9534
-1.67393	1.70969
-1.69405	1.74378
-1.65986	1.67516
-1.53542	1.4003
-1.60254	1.54808
-1.67718	1.65556
-1.74043	1.90502
-1.66215	1.85228
-1.6819	1.72317
-1.51918	1.46581
-1.66908	1.75011
-1.63245	1.66956
-1.39128	1.21547
-1.34338	1.14047
-1.05973	0.655433
-0.750705	0.183882
-0.605514	0.131312
-0.394538	0.313731
-0.390559	0.504808
-0.502671	0.602138
-0.754221	0.756553
-1.48459	1.42158
-1.58441	1.15084
-1.64532	1.2446
-1.87485	1.71552
-2.20989	2.44723
-2.24176	2.69585
-2.10125	2.33266
-2.10208	2.41092
-2.15975	2.55188
-2.20709	2.48821
-2.19207	2.34772
-1.89095	1.71888
-1.71739	1.37577
-1.62509	1.32438
-1.43441	1.06858
-0.821837	1.07001
-1.87404	1.80551
-2.02578	1.79666
-2.20071	2.28668
-2.15907	2.1042
-2.0267	1.74415
-2.09068	1.77882
-1.91613	1.33461
-2.02499	1.48647
-2.12791	1.95294
-1.94685	1.41303
-1.96926	1.64221
-1.91176	1.78416
-1.48943	1.37242
-1.43831	1.26432
-1.24597	1.21296
-0.73994	0.812216
-1.05664	1.04137
-1.81148	1.72515
-1.89218	1.6169
-1.79625	1.42198
-1.76866	1.41243
-1.7267	1.2063
-1.93583	1.7502
-1.95416	2.02712
-1.73082	1.54672
-1.70748	1.1748
-1.93102	1.23204
-1.89106	1.40803
-1.68219	0.872986
-1.91899	1.24515
-2.15616	1.78777
-1.84776	0.976974
-1.85348	1.11699
-1.97882	1.36929
-1.73507	0.776343
-1.7467	1.06598
-1.83984	1.10996
-1.86788	1.34497
-1.72114	1.30898
-1.37894	0.945206
-1.08463	1.03408
-0.823256	0.715073
-0.500439	0.61329
-1.00187	0.758263
-0.808785	0.784844
-0.878603	0.996894
-0.741081	1.007
-0.759232	0.991518
-0.64166	0.846338
-0.534334	0.920275
-0.402167	0.907735
-0.474652	0.913351
-0.704679	1.06619
-0.617493	1.03806
-0.634333	0.88957
-0.582677	1.0097
-0.517761	0.932063
-0.598956	0.996003
-0.398388	0.815158
-0.487535	0.771825
-0.535824	0.873479
-0.907998	0.805648
-1.15726	1.14243
-1.9148	1.1849
-1.85174	0.979994
-1.81126	1.16846
-1.74733	1.13095
-1.66297	0.934908
-1.50122	0.615477
-1.6265	0.934825
-1.56612	0.781532
-1.7602	1.14862
-1.84	1.48033
-1.55155	1.03052
-0.912973	0.744479
-0.846185	0.672143
-1.39003	0.907465
-1.4393	1.02876
-1.36647	1.00317
-1.33543	1.00011
-1.32813	0.973582
-1.37927	0.94411
-1.34955	0.458366
-1.49794	0.734143
-1.81239	1.39733
-1.74638	1.45877
-1.74817	1.81521
-1.82488	2.16559
-1.89732	2.25233
-1.97374	2.49391
-1.81385	2.19632
-1.81822	2.21083
-2.07203	2.70686
-2.09044	2.50212
-1.8515	1.90435
-1.5768	1.33671
-1.55221	1.3281
-1.61978	1.40972
-1.89131	1.95935
-1.88241	2.02123
-1.4753	1.6102
-1.01792	0.766757
-1.00006	0.631946
-0.966271	0.707799
-1.16431	0.939043
-1.04981	0.632867
-1.09483	0.656237
-0.916027	0.230971
-0.726579	0.189119
-0.766328	0.447456
-0.891477	0.454115
-1.09975	0.581568
-1.28716	0.909454
-1.34624	1.04818
-1.5797	1.41511
-1.59363	1.38454
-1.51796	1.24824
-1.45558	1.07288
-1.36388	1.02158
-1.05065	0.885773
-1.63129	1.39529
-1.63284	1.46344
-1.59178	1.45668
-1.45294	1.20335
-1.51909	1.25438
-1.52038	1.21638
-1.3675	0.913081
-1.26035	0.663016
-1.28007	0.606098
-1.24289	0.633098
-1.13993	0.784541
-1.19828	0.869057
-1.1604	0.835465
-1.38599	1.0991
-1.44522	1.10106
-1.36068	1.06963
-1.25897	1.05603
-1.22767	1.0906
-1.32254	1.22378
-1.43672	1.09094
-1.7695	1.76346
-2.01682	2.28673
-1.91179	1.79813
-1.90092	1.75971
-1.77595	1.66865
-1.62316	1.52058
-1.45365	1.20127
-1.6042	1.40767
-1.86374	2.00801
-1.98643	2.12167
-1.62792	1.56037
-1.3332	1.24306
-1.51199	1.37019
-1.5644	1.72559
-1.3937	1.34771
-0.934509	0.972125
-0.608335	0.831675
-1.12916	1.12115
-1.24627	1.03193
-0.955642	1.03266
-0.806488	0.971124
-0.652766	0.944186
-0.516538	0.760324
-0.421145	0.763503
-0.859932	0.773075
-1.75845	1.22692
-1.84959	1.19904
-1.84369	0.957025
-1.97053	1.31893
-2.00967	1.7477
-1.80192	1.73489
-1.84033	1.75121
-1.7827	1.60854
-1.768	1.61208
-1.88988	1.79671
-1.87358	1.80004
-1.70642	1.58
-2.0438	2.28721
-2.21873	2.92278
-2.13977	2.79386
-1.94203	2.49988
-1.9343	2.68383
-1.94132	2.58683
-1.65137	2.03106
-1.63608	1.99374
-1.55293	1.69475
-1.47132	1.30798
-1.82242	2.05759
-1.55229	1.2917
-1.54197	1.30213
-1.5062	1.36072
-1.56856	1.31465
-1.5016	1.31682
-1.50474	1.21207
-1.28377	0.769245
-1.31315	0.937015
-1.22909	0.970986
-0.830951	0.647506
-0.351831	0.387678
-0.269844	0.55534
0.439382	0.962928
0.726048	1.18237
0.788231	1.32145
0.761777	1.21218
0.759481	1.31423
0.401688	0.930467
0.151296	0.880126
0.0493749	1.06975
-0.0440865	0.784998
-0.372217	0.738499
-0.720465	0.823918
-0.971415	0.984038
-0.978843	0.939065
-0.903509	1.04663
-1.05433	1.21048
-1.15733	1.25351
-1.2128	1.58444
-0.927204	1.19878
-0.743753	0.81053
-0.963106	1.27643
-0.629028	1.10881
-0.697708	1.05278
-0.67746	1.11873
-0.697942	0.971152
-0.722962	0.932459
-0.750743	1.18587
-0.707051	0.956004
-0.593359	0.753074
-0.775751	1.06794
-0.920169	1.2744
-0.791141	1.16835
-0.549952	1.15921
-0.231576	0.95684
-0.429872	0.894247
-0.5301	0.808356
-0.596281	1.95323
-0.726955	1.92656
-1.04496	1.82282
-1.44894	1.76785
-1.51466	1.74485
-1.79993	2.39411
-1.94144	2.55775
-1.93941	2.4724
-1.93439	2.4421
-2.09557	2.64453
-2.02687	2.30407
-2.31202	2.80928
-2.14782	2.15848
-2.15271	2.02369
-2.16581	2.11847
-2.00654	1.72444
-1.78428	1.45717
-1.7839	1.34649
-1.74257	1.52101
-1.66535	1.41523
-1.40632	0.95432
-0.966752	0.966237
-1.35974	1.13442
-1.45085	0.642699
-1.3431	0.396252
-1.4738	0.584021
-1.56838	0.727847
-1.46081	0.388801
-1.5945	0.578891
-1.68453	0.727939
-1.63307	0.632186
-1.49973	0.4052
-1.32868	0.238661
-1.13358	0.27626
-1.07875	0.686566
-0.931448	0.819607
-0.859811	0.408689
-0.702148	0.298085
-0.47837	0.46163
-0.544572	0.46183
-1.04456	0.622671
-1.41228	0.719461
-1.55735	0.751773
-1.87354	1.23887
-1.61719	0.709836
-1.3999	0.131752
-1.45115	0.286736
-1.41331	0.270798
-1.28643	0.144857
-1.20877	0.0863652
-1.15168	0.0845001
-1.02022	-0.0336028
-0.926553	-0.216016
-0.490274	-0.294546
-0.555143	-0.27132
-0.253223	-0.351816
-0.00454709	-0.0792334
0.296522	0.160385
0.591271	0.21291
0.649141	0.253895
0.684485	0.318459
0.431563	0.0544177
-0.7367	-0.0958982
-1.45332	0.641003
-1.51287	0.817992
-1.5016	0.870229
-1.50102	0.865785
-1.42664	0.718185
-1.51292	0.868698
-1.57151	0.979081
-1.44229	1.01118
-1.67259	1.41144
-1.74803	1.58288
-1.63976	1.37517
-1.63869	1.47327
-1.50333	1.14668
-1.35413	0.884332
-1.44682	1.1019
-1.84002	1.76403
-1.6659	1.35612
-1.34619	0.912913
-1.28386	0.921334
-1.21043	1.18305
-1.08054	1.43396
-1.00315	1.83232
-0.995625	1.45201
-1.01562	1.17803
-1.57932	1.26223
-2.01213	2.15906
-1.99197	1.9169
-1.94912	1.65953
-1.92642	1.47771
-1.96904	1.61059
-2.09688	2.12051
-1.91434	1.67223
-1.99021	1.91998
-1.98998	2.31628
-1.58866	1.70852
-0.662913	0.317562
0.268285	0.064487
0.172831	0.108494
0.317775	-0.0493374
0.0385507	0.0391543
-0.420968	-0.468626
-1.50025	0.92044
-1.42087	0.774091
-1.47157	0.80989
-1.49637	0.948343
-1.41339	0.90872
-1.33445	0.865603
-1.50245	1.21289
-1.57843	1.46843
-1.50394	1.37813
-1.33121	1.04818
-1.2327	0.717112
-1.51206	1.00547
-1.79252	1.39727
-1.5984	1.25264
-1.54086	1.08843
-1.41492	0.908864
-1.50756	0.97792
-1.41844	1.05241
-1.19131	0.664229
-1.32064	1.18146
-1.42139	1.18356
-1.18301	0.8028
-1.1299	0.986706
-1.06608	0.98406
-0.963512	0.789461
-1.15157	1.04067
-0.606072	0.780187
-1.39512	1.27083
-1.82958	1.89821
-1.64354	1.56371
-1.72946	1.73371
-1.88714	2.21085
-1.76579	1.94874
-1.7993	2.06935
-1.69247	2.02713
-1.71998	2.22513
-1.30499	1.21668
-1.23851	1.20615
-1.09303	1.02674
-1.20213	1.0003
-1.49156	1.44603
-1.45472	1.46072
-1.34442	1.26615
-1.30285	1.29483
-1.42087	1.37696
-1.50955	1.54003
-1.32974	1.12409
-1.34976	1.0459
-1.39439	1.0938
-1.1118	0.754687
-0.592189	0.38032
-0.154242	0.300563
0.281333	0.437387
0.156757	0.239763
0.96358	0.971623
0.952685	1.08266
0.930217	1.09999
0.854438	1.12057
0.269568	0.92036
0.557293	1.04289
0.0815475	0.537997
0.177214	0.546454
0.0963393	0.719211
0.0749225	0.551235
-0.290576	0.882322
-0.540608	0.972857
-0.693314	0.772003
-0.937695	1.02036
-0.954564	0.923151
-0.918726	0.918959
-1.05914	1.10714
-0.931595	0.952954
-0.883372	1.04677
-0.773121	0.776229
-0.811373	0.970014
-0.917127	1.07984
-1.19479	0.716764
-1.51579	0.704191
-1.78737	1.10298
-2.10114	1.77004
-2.06503	1.77252
-2.11966	2.38135
-2.17553	2.57614
-2.11136	2.37361
-1.81255	1.4358
-1.41494	0.648817
-1.45494	0.591724
-1.37056	0.0108758
-1.33846	-0.33663
-1.35332	-0.468387
-1.28426	-0.294819
-1.10745	0.0277966
-1.4444	0.466723
-1.33717	0.485236
-0.703614	-0.08352
-0.239069	-0.000735518
0.0363465	0.325659
0.104791	0.478485
-0.0772151	0.467764
-0.0759135	0.622923
-0.232554	0.527105
-0.0790869	0.418119
-0.153251	0.321027
-0.795223	0.344116
-1.39549	0.816967
-1.23204	0.516812
-1.15541	0.493736
-1.33161	0.804683
-1.66029	1.60882
-1.79433	1.79321
-1.80937	1.63087
-2.05238	1.97697
-1.96829	1.72394
-1.80146	1.60068
-1.70016	1.33342
-1.46715	1.14902
-1.58865	1.2539
-1.39398	1.14673
-1.4968	1.18749
-1.14364	0.91222
-1.67044	1.41886
-2.04008	2.06178
-2.2822	2.34471
-2.32566	2.38388
-2.40133	2.43852
-2.22787	2.18068
-2.28554	2.35748
-2.39019	2.4618
-2.21407	2.09334
-2.14146	2.10384
-2.43818	2.69459
-2.6074	2.88765
-2.42853	2.47062
-2.32627	2.32894
-2.32897	2.53858
-2.15691	2.13484
-1.9267	1.58417
-1.80436	1.62553
-1.66482	1.4095
-1.83183	1.70281
-1.98725	2.28773
-1.79236	1.8317
-1.51705	1.48394
-1.52389	1.3496
-1.69474	1.69043
-1.87532	1.95032
-1.8826	1.70766
-1.74647	1.24358
-1.88456	1.527
-1.84793	1.29464
-2.11407	1.96729
-1.76275	1.12795
-1.86337	1.49426
-1.60012	0.968267
-1.40179	0.812224
-1.32306	0.862212
-1.35856	1.29557
-1.15911	0.857176
-1.22885	1.25789
-1.17253	1.12442
-0.928673	0.726303
-0.825143	0.674486
-0.723603	0.612608
-0.578906	0.737408
-0.704051	0.912227
-0.860901	0.942063
-1.08381	1.33957
-0.717858	1.07982
-1.0304	1.15199
-1.40106	1.58773
-1.16603	1.07058
-1.46481	1.31678
-1.50389	1.07623
-1.41432	0.986717
-1.60166	1.04944
-1.39109	0.617286
-1.07673	0.262531
-0.191284	-0.104271
0.113246	0.345463
-0.000744848	0.630095
0.141905	0.81801
-0.112273	0.838251
-0.63529	1.08528
-1.0852	1.50223
-0.0324745	0.381534
-0.611553	0.710958
-0.762762	0.836778
-1.06409	1.67967
-1.1797	2.17483
-1.06299	1.90339
-1.22163	1.29777
-1.92775	2.33776
-1.984	2.28374
-2.00774	2.02015
-2.2956	2.44263
-1.87362	1.76255
-1.81696	1.81329
-1.80507	1.77158
-1.93589	2.03168
-1.80237	1.79869
-2.14732	2.17276
-2.09639	2.53125
-1.82502	2.11927
-1.54671	1.72395
-1.44365	1.4882
-1.15495	1.03307
-0.738512	0.401603
-0.825415	0.4375
-0.674518	0.303588
-0.566462	0.152274
-0.608872	-0.029159
-0.524284	0.00582871
-0.752399	0.291416
-1.02291	0.795947
-1.40611	1.22026
-1.76196	1.25579
-1.99536	1.71802
-1.85645	1.44399
-2.03532	1.86874
-1.86641	1.58188
-1.62491	0.976347
-1.42186	0.726609
-1.30709	0.755355
-1.26288	1.23253
-0.846034	0.875395
-0.739215	0.814904
-0.862513	0.846054
-0.527165	0.446114
-0.714494	0.55988
-0.907077	0.329297
-0.541868	0.144621
-0.906652	0.410493
-0.815908	0.511034
-0.882131	0.616839
-1.12224	0.858691
-1.39615	1.16476
-1.79956	1.45794
-1.89863	1.6744
-1.81733	1.56086
-1.99163	1.89015
-1.88094	1.48462
-2.04421	1.93714
-1.89486	1.56859
-1.89962	1.41719
-1.83785	1.44198
-1.71785	1.33194
-1.54635	1.13119
-1.61279	1.1135
-1.42411	0.713062
-1.69733	1.26236
-1.58244	1.26838
-1.28061	0.992089
-1.09486	0.865206
-0.174244	0.467851
-0.529247	0.524888
-0.996506	0.946182
-0.891759	0.98688
-0.864812	1.14929
-0.969499	1.24848
-0.774507	1.07089
-1.10242	2.11504
-1.01003	1.6934
-1.26761	1.44917
-1.7392	2.0317
-1.7739	1.9703
-2.01226	2.50504
-1.98369	2.41166
-2.0473	2.31802
-2.12274	2.39811
-1.99105	2.01253
-2.05635	1.94489
-1.71268	1.33296
-1.73312	1.38808
-1.72344	1.39102
-1.70838	1.44083
-1.824	1.66655
-0.832671	0.373255
-0.822226	0.553667
-0.802904	0.417844
-1.01056	0.579893
-1.20331	0.897434
-1.35267	1.15143
-1.19724	0.839542
-1.17431	0.90113
-0.925563	0.81859
0.15783	0.150637
0.540775	0.428607
0.653552	0.672312
0.612034	0.864699
0.320741	0.636444
-0.319075	0.671063
-0.381676	0.434783
-0.728102	0.679374
-0.762719	0.843565
-0.874178	1.05213
-0.455609	0.784068
-0.91056	0.862972
-1.24548	1.03889
-0.871973	0.797647
-1.45383	0.991996
-1.88263	1.89759
-1.88474	1.92282
-1.93973	2.16338
-2.01891	2.61722
-1.42646	1.31365
-0.831918	0.59677
-0.624743	0.34454
0.0289901	0.201805
0.00887875	0.0969962
0.0984346	-0.0103625
-0.00408766	-0.0515248
-0.490061	0.134883
-1.10988	0.719131
-1.25303	1.11939
-1.28441	1.07729
-1.31797	1.05992
-1.42644	1.20806
-1.4669	1.25765
-1.67067	1.53911
-1.88099	1.90518
-2.28646	2.86971
-2.16819	2.56088
-2.31511	2.63106
-2.05614	2.09766
-1.05294	0.943289
-0.410967	0.839408
-0.171223	0.801974
-0.206387	0.947758
-0.41732	0.965304
-0.423409	0.855312
-0.557056	1.17544
-0.434747	0.95812
-0.38705	1.02187
-0.62924	0.934911
-1.16967	1.42235
-1.87322	1.60546
-2.22155	2.21516
-2.14352	2.07842
-2.1681	2.07999
-2.27329	2.80198
-2.13158	2.44812
-2.12175	2.59422
-2.21506	2.78784
-2.27786	2.90084
-2.00222	2.1097
-1.8395	1.66041
-2.11617	2.46361
-2.33844	3.00528
-2.18737	2.44431
-1.79349	1.60855
-1.32827	1.05506
-1.22656	1.32406
-0.80187	0.903424
-0.737161	0.854863
-0.802113	1.08387
-0.948632	1.06768
-0.848602	0.652806
-1.50794	1.19192
-1.66691	1.14483
-1.66792	1.32763
-1.41775	1.21147
-1.37126	1.15791
-1.2584	0.606888
-1.15194	0.635372
-1.18805	0.898005
-0.979437	0.585895
-1.11996	0.814411
-1.3671	1.04176
-1.15877	1.14728
-1.02579	1.08606
-1.09877	1.11473
-0.849636	0.953585
-0.642653	0.997685
-0.710582	0.955009
-0.705223	1.04223
-0.750074	0.974224
-0.683767	1.15188
-0.724847	1.31328
-0.507622	1.05855
-0.885634	1.27652
-0.631833	1.05053
-1.56751	1.25654
-2.14679	2.40272
-2.065	2.39933
-1.94208	2.13093
-2.05364	2.37744
-1.79891	1.91291
-1.70042	1.50419
-1.72078	1.53401
-1.53965	1.32835
-1.36076	0.938247
-1.14971	0.454762
-0.571799	0.216163
0.0913562	-0.043243
0.409445	0.431656
0.302915	0.430247
0.223013	0.402508
0.240674	0.709118
0.14119	0.581985
0.0267415	0.595485
-0.13234	0.752157
-0.0889519	0.811328
-0.38617	0.926605
-0.387329	0.8029
-0.49709	0.410379
-1.66707	1.74152
-2.13675	2.71913
-2.12773	2.68313
-2.23547	2.93224
-2.51725	3.2472
-2.42708	2.99936
-2.12674	2.35454
-1.64804	1.45623
-1.48236	1.20322
-1.52357	0.743215
-2.1982	2.09481
-2.11051	1.91554
-2.16945	2.16364
-2.0896	2.19097
-1.95128	1.93566
-1.78109	1.61827
-1.72727	1.84527
-2.01766	2.51469
-2.24062	2.91757
-1.82581	1.6365
-1.89441	2.08591
-1.94621	2.00883
-2.014	2.12243
-1.73185	1.31188
-1.64407	0.776072
-1.56211	0.474281
-1.4863	0.346072
-1.84967	1.40223
-1.73058	1.25823
-1.82546	1.62339
-1.66277	1.08199
-1.69855	1.16221
-1.70802	1.10181
-1.86358	1.22876
-1.79233	1.29084
-1.51319	0.838891
-1.76337	1.56459
-2.06994	2.43987
-2.00875	2.14209
-2.02777	2.24936
-1.92435	1.97895
-1.72318	1.46902
-1.63717	1.27711
-1.74029	1.32388
-1.78225	1.31171
-2.06998	1.78387
-2.01582	1.6556
-1.94233	1.6953
-1.78157	1.57026
-1.61332	1.01952
-1.62912	1.42489
-1.28901	1.01933
-1.02736	0.749507
-1.05002	0.758027
-0.883138	1.02823
-0.848478	0.962676
-1.74742	1.3999
-2.02709	1.5801
-1.90926	1.3429
-1.86025	1.24911
-1.78172	1.26674
-1.98075	1.84251
-2.35109	2.86632
-1.91968	1.87123
-1.16712	0.433524
-1.47663	0.691664
-1.63261	1.10665
-1.63353	1.27567
-1.46453	1.27027
-1.21598	0.897323
-1.2151	0.971084
-0.83861	0.860296
-0.910738	0.931941
-1.46925	1.04668
-1.65878	1.38697
-1.81642	1.78777
-1.97279	2.18497
-1.91874	1.92224
-1.81725	1.57533
-1.95306	1.93491
-1.75608	1.48308
-1.62172	1.43817
-1.86853	1.60555
-1.85802	1.75524
-1.5411	1.54066
-1.07876	0.858164
-1.03482	0.768862
-1.17583	0.719334
-0.924612	0.135584
-0.516017	0.0162014
-0.186014	-0.221303
0.0597041	-0.150918
0.0417603	0.0320283
-0.012322	0.294018
-0.114167	0.811421
0.0329211	0.704787
-0.565884	0.580825
-1.62425	1.49236
-1.39174	0.913396
-1.55041	1.52823
-1.4469	1.22562
-1.68033	1.61507
-1.83151	1.89487
-1.79592	1.94181
-1.73857	1.88904
-1.42114	0.998
-1.38752	1.08896
-1.36341	1.13466
-1.22022	0.890051
-1.277	1.00591
-0.540263	0.461128
-0.481175	0.501428
-0.549484	0.356978
-0.847086	0.512298
-1.12941	0.78277
-1.22917	0.787411
-1.38246	1.18533
-1.58001	1.40356
-1.79483	1.81716
-1.78958	1.73775
-1.86761	1.92996
-1.87498	1.96672
-1.83675	1.83757
-1.8066	1.73675
-1.72584	1.43674
-1.41746	0.845057
-1.24124	0.79651
-0.236197	0.635257
-0.335067	0.619886
-0.322801	0.0423001
-0.43058	0.000673827
-0.969508	0.165984
-1.33463	0.568618
-1.40473	0.89199
-1.64243	1.42692
-1.5525	1.24822
-1.74297	1.67744
-1.53872	1.33692
-1.50805	1.4127
-1.33985	1.03651
-1.25954	0.872948
-1.19659	0.637589
-1.32551	0.662385
-1.56253	0.939134
-1.662	1.35481
-1.62686	1.11646
-1.54465	0.940169
-1.7784	1.48264
-1.48254	1.19768
-1.35779	0.983429
-1.33023	0.939177
-1.19994	0.854826
-0.19367	0.149867
0.117993	0.41516
0.668249	0.865421
0.837622	0.962867
0.931099	1.34156
0.807138	1.03592
0.631344	1.07403
0.612818	1.12626
0.706875	1.06935
0.285996	0.866419
0.190427	0.874775
0.08738	0.692595
-0.214682	0.891007
-0.32497	0.738414
-0.274353	0.771973
-0.591629	0.810866
-0.725714	0.901535
-0.658882	1.03947
-0.744981	1.01054
-0.816628	1.05336
-0.794194	1.03002
-0.719384	1.25288
-0.498642	0.970295
-0.517566	1.01144
-0.793741	0.991465
-0.608833	1.10339
-0.504028	0.811383
-0.64783	1.06853
-0.516783	1.01915
-0.606343	1.03767
-0.505249	0.845725
-0.453274	0.89422
-0.834758	0.730257
-0.7436	0.638728
-1.19034	0.964738
-1.64889	1.17695
-1.51072	0.715748
-1.7685	1.2752
-1.85455	1.24097
-1.88515	1.34857
-1.82079	1.3641
-1.84507	1.51095
-1.79901	1.58962
-1.36691	0.639097
-1.14185	0.673613
-0.838653	0.463189
-0.672704	0.285616
-1.27724	0.90389
-1.43359	0.90745
-1.70335	1.10047
-1.68423	1.16061
-1.678	1.09652
-1.49015	0.646224
-1.35397	0.623276
-1.29161	0.693148
-0.612744	0.220302
-0.243721	0.313488
-0.0188585	0.434782
-0.273675	0.714594
-0.229967	0.43887
-0.480048	0.624377
-0.521076	0.718164
-0.800597	1.04389
-0.881263	0.858673
-0.750347	0.706644
-0.629671	0.751035
-0.99887	1.16171
-1.04135	0.943234
-1.93642	1.81886
-1.79799	1.4689
-1.6385	1.16591
-1.688	1.51264
-1.58827	1.26303
-1.63043	1.39527
-1.53251	1.08358
-1.49945	0.992461
-1.51431	1.05509
-1.59456	1.14657
-1.55798	1.13364
-1.6426	1.21752
-1.7943	1.42486
-1.70911	1.15589
-1.78678	1.35855
-1.81313	1.40787
-1.63212	1.10345
-1.78376	1.42288
-1.5642	0.996213
-1.73896	1.26928
-1.70822	1.14017
-1.6276	1.00735
-1.64625	1.07783
-1.84219	1.39983
-1.51043	1.25011
-1.09839	0.76794
-1.00418	0.623498
-0.994889	0.650664
-1.10885	0.771404
-1.0943	0.670417
-1.23946	0.592956
-1.15563	0.405449
-0.955281	0.601302
-0.813361	0.514901
-0.354569	-0.0791235
-0.2478	-0.118095
-0.0709928	-0.100051
-0.0738592	-0.115947
-0.440499	-0.270089
-1.07267	0.458202
-1.60439	1.21721
-1.73042	1.34005
-1.96646	1.90739
-1.7348	1.54226
-1.94582	1.93584
-2.04133	1.98614
-1.95595	2.03642
-1.78633	1.69932
-1.76959	1.61985
-1.77529	1.64703
-2.00195	1.93948
-2.02333	2.15191
-1.99309	2.17744
-1.85452	2.21925
-1.42874	1.3445
-1.37015	1.30698
-1.17791	1.05938
-1.12598	0.879184
-1.04908	0.650841
-1.02138	0.479774
-1.15045	0.526638
-1.52512	0.750291
-1.58529	0.88105
-1.25632	0.323575
-0.818213	0.0481533
0.047258	0.108322
0.723776	0.626921
0.255378	0.695137
0.636753	0.685591
0.771051	1.02132
-0.167654	0.304848
-0.560401	0.627026
-0.480933	0.291018
-1.02208	1.12499
-0.884984	1.37655
-0.765465	1.00679
-0.771061	0.890733
-1.12751	1.25505
-1.06581	1.04099
-1.11616	1.02188
-1.46925	1.43451
-1.49573	1.46462
-1.51418	1.42093
-1.79139	1.90276
-1.85216	2.0087
-2.09558	2.47046
-2.18438	2.6905
-1.90461	2.06798
-1.53995	1.51144
-1.8183	1.74189
-2.0324	2.22168
-2.12417	2.49337
-1.93341	2.09776
-1.71358	1.67089
-1.64226	1.67161
-1.71464	2.05881
-1.79386	2.20495
-1.64503	1.82491
-1.77753	2.27567
-1.76055	1.87365
-1.64831	1.90741
-2.00329	2.3081
-1.26047	0.78227
-1.80135	1.43491
-2.34846	2.72656
-2.36898	2.67553
-2.22181	2.14314
-1.87275	1.29469
-1.93353	1.75077
-1.89562	1.75799
-1.93812	2.0845
-1.95716	2.14439
-1.6854	1.71837
-1.79746	1.92472
-1.68492	1.83522
-1.83025	2.05266
-1.65667	1.69888
-1.706	1.77869
-1.70284	1.64427
-1.6892	1.4549
-1.30476	1.13202
-1.29758	1.27439
-0.864418	0.833619
-0.776205	0.949692
-0.98306	1.15879
-0.646895	0.96257
-0.548036	0.971857
-0.698266	0.990619
-1.0337	0.868543
-1.08972	0.939408
-0.825965	1.18232
-0.960928	1.32044
-0.748912	1.10472
-0.83138	1.03908
-0.64599	0.854971
-0.785342	0.915219
-1.05812	1.06496
-0.94044	0.980734
-0.96616	1.23344
-1.05886	1.22332
-1.00898	1.39821
-0.966985	1.35962
-1.05957	1.43362
-0.862973	1.20582
-0.644509	1.0632
-0.959791	1.29914
-0.455014	0.961424
-0.836569	1.17397
-0.59984	1.11266
-0.52182	1.09295
-0.516527	0.981458
-0.520288	1.01267
-0.561474	1.08108
-0.640762	0.875585
-0.551819	0.882596
-0.505807	0.927498
-0.434853	0.507043
-1.57233	1.47002
-1.53936	1.573
-1.44286	1.31345
-1.35088	1.20232
-1.27779	1.06047
-1.35257	1.14181
-1.89063	1.77018
-1.9909	1.83735
-2.02397	1.8576
-1.93972	1.63165
-1.83501	1.47172
-1.68584	1.20947
-1.29479	1.02089
-1.02578	1.61709
-0.859199	1.48257
-1.17108	1.38025
-1.39961	1.41804
-1.51393	1.63944
-1.54784	1.60601
-1.65118	1.83484
-1.73311	1.97224
-1.88605	2.38902
-1.95234	2.43398
-1.81115	1.91968
-1.77182	1.72181
-1.66532	1.57885
-1.49513	1.17995
-1.16108	0.559781
-1.40879	0.710406
-1.55976	1.09481
-0.915033	0.424566
-0.0669991	0.0671934
0.40944	0.457909
0.457441	0.347684
0.31388	0.310188
0.294491	0.354903
0.231206	0.251465
-0.100817	0.458924
-0.100763	0.55575
-0.501964	0.597864
-0.95674	0.563544
-1.50878	0.89089
-1.42764	0.91207
-1.69101	1.18252
-1.68663	1.26439
-1.84787	1.58136
-2.03031	1.99753
-2.02582	2.00974
-1.86901	1.66422
-1.69298	1.51163
-1.9702	2.27965
-1.95373	2.30013
-1.94277	1.90594
-1.87708	1.6728
-1.64194	1.67144
-1.42923	1.66308
-1.45944	1.36948
-1.3723	1.51591
-1.22245	1.24938
-1.22111	0.994394
-1.26224	1.07897
-1.14852	0.915723
-1.2002	0.982273
-1.20945	1.01
-1.07567	0.757588
-1.53111	0.913849
-1.92244	1.69789
-1.9236	1.78557
-1.74436	1.42486
-1.85001	1.71363
-1.78425	1.49313
-1.80045	1.48517
-1.77273	1.30187
-1.57966	1.04493
-0.665428	0.107712
-0.549999	0.193749
-1.13106	0.265586
-1.55574	0.810005
-1.51877	0.950598
-1.66813	1.42858
-1.63488	1.51127
-1.71509	1.89422
-1.87144	2.11622
-1.34762	1.64888
-2.05851	2.45584
-2.05806	2.37593
-1.79762	1.82732
-1.53303	1.30564
-1.50926	1.30225
-1.63998	1.61066
-1.48654	1.34145
-1.35882	1.02661
-1.534	1.42636
-1.83424	1.99941
-1.87933	1.90365
-1.82631	1.75327
-1.84443	1.73931
-1.79341	1.57369
-1.56546	1.13036
-1.63665	1.24018
-1.57801	1.11602
-1.00183	0.730832
-0.994334	0.866471
-1.54303	1.21997
-1.43265	0.984073
-1.38569	0.821497
-1.46395	0.919666
-1.55609	1.12446
-1.393	0.74185
-1.28688	0.885789
-0.29523	0.053711
0.135574	0.334527
0.0362036	0.304397
-0.104905	0.55045
-0.181084	0.609034
-0.341301	0.607418
-0.58733	1.00655
-0.293177	0.915301
-0.178539	0.735719
-0.304174	0.744451
-0.579397	0.917416
-1.13628	1.17328
-1.21063	1.27953
-1.1247	1.02411
-1.24242	1.2015
-1.17067	0.986906
-1.14583	0.990188
-1.07753	0.860551
-1.08808	0.831137
-1.24023	0.989986
-1.43756	1.38907
-1.28019	1.14091
-0.926401	0.789211
-1.10292	1.0448
-1.92033	1.97212
-1.83752	1.74162
-1.95244	1.68052
-2.11327	2.07708
-2.11434	1.98325
-2.14816	1.94286
-2.07223	1.8944
-1.79975	1.51605
-1.81902	1.63848
-1.82115	1.67666
-1.5358	1.15929
-1.65457	1.40013
-1.76578	1.69469
-1.62857	1.33037
-1.52417	1.19216
-1.5181	1.11893
-0.945735	0.529167
-1.51703	1.40941
-1.5432	1.30127
-1.61335	1.47203
-1.73198	1.6251
-1.88237	1.9143
-1.90599	1.89718
-2.0038	1.8918
-2.14122	2.05488
-2.06344	1.72667
-2.19923	2.08342
-1.96494	1.88416
-1.76521	1.51316
-1.744	1.59007
-1.69982	1.51749
-1.6639	1.48754
-1.70175	1.48174
-1.7753	1.65068
-2.07995	1.98493
-1.98464	1.73956
-2.12968	2.30494
-1.91301	1.83755
-1.84575	1.76789
-1.7945	1.76492
-1.74754	1.85442
-1.76323	2.09896
-2.02812	2.79732
-2.11175	2.9452
-1.60878	1.88495
-1.64357	1.85196
-1.6508	1.82472
-1.69155	1.76752
-1.61974	1.79588
-1.5455	1.83983
-1.39737	1.93269
-1.53554	1.71948
-1.3638	1.46603
-1.52017	1.73992
-1.27423	1.23236
-1.46649	1.41923
-1.43652	1.20092
-1.2672	1.13655
-1.20358	1.2974
-1.12523	1.37263
-0.836021	1.12916
-0.764247	0.999461
-0.687901	0.989525
-0.751422	0.84535
-0.567576	0.863667
-0.446675	0.996308
-0.649292	1.18391
-0.760161	1.17107
-0.716279	1.18901
-0.594965	1.08623
-0.527751	1.02503
-0.620049	1.00412
-0.694934	1.05044
-0.680385	1.03722
-0.565618	1.18453
-0.668741	1.06703
-0.651357	1.00383
-0.545228	0.934091
-0.692755	1.10445
-0.425308	0.967462
-1.25422	1.11543
-2.0165	1.54479
-1.97136	1.30872
-1.95717	1.28605
-1.81847	1.19419
-2.07429	1.85053
-1.92941	1.68052
-2.15326	2.44655
-2.41698	3.12854
-2.27931	2.78475
-2.34368	3.06068
-2.46942	3.35287
-2.33788	3.18997
-2.05264	2.61058
-2.02224	2.67437
-2.02417	2.69391
-1.90709	2.39916
-1.91657	2.28504
-2.01082	2.34484
-1.97289	2.30973
-1.54369	1.39017
-1.88626	1.82312
-2.07929	2.24322
-1.52037	1.81577
-1.66665	1.55149
-1.85883	1.95369
-1.76115	1.83658
-1.6617	1.6648
-1.59206	1.50699
-1.49098	1.32546
-1.60365	1.5277
-1.65007	1.56484
-1.80138	1.59692
-2.14493	2.105
-2.05467	2.09467
-1.91637	1.89445
-1.70647	1.54787
-1.58073	1.31792
-1.46389	1.25934
-1.04258	0.978976
-0.620376	1.11321
-0.859395	1.52583
-1.1715	1.60073
-0.721337	0.512716
-0.947739	0.545612
-0.930755	0.538115
-1.14855	1.06698
-0.966135	0.93927
-0.775456	0.735111
-1.20661	1.31866
-1.33365	1.40683
-1.14607	1.00107
-1.08747	1.0821
-0.568859	1.29628
-0.654693	1.62957
-0.953574	1.26367
-1.19268	1.08495
-1.03527	0.710728
-1.0565	0.543326
-1.23752	0.805195
-1.27314	0.763642
-1.25626	0.573784
-1.41047	0.843369
-1.53684	0.982807
-1.58093	0.993284
-1.51406	0.780669
-1.4732	0.566687
-1.4451	0.37327
-1.46726	0.350858
-1.51796	0.465129
-1.40255	0.245209
-1.42943	0.268562
-1.60423	0.508152
-1.48175	0.275305
-1.56969	0.57786
-1.64756	0.899701
-1.59399	0.976626
-1.72583	1.42263
-1.65982	1.25916
-1.5476	1.11527
-0.685948	0.153337
0.00305355	-0.236247
-0.138328	0.154757
-0.385152	0.155914
-0.831462	0.486423
-1.2107	0.762476
-1.52622	1.11462
-1.6162	1.25167
-1.48886	0.776722
-1.7208	1.40934
-1.70031	1.45952
-1.40758	1.18194
-1.25738	0.739232
-1.09411	0.434752
-1.68596	1.54269
-1.72094	1.81523
-1.55483	1.38072
-1.43624	1.28252
-1.30222	1.04862
-1.23349	0.991458
-1.17451	1.03387
-1.21322	1.08199
-1.23761	1.09252
-1.37846	1.23774
-1.42144	1.28945
-1.57269	1.4418
-1.6789	1.45176
-1.50374	1.2327
-1.31181	1.05182
-1.29163	1.06616
-1.54133	1.28653
-1.70686	1.58473
-1.60277	1.485
-1.49429	1.25861
-1.40019	1.10104
-1.43588	1.17976
-1.20029	0.614829
-1.04585	0.346876
-0.647492	-0.025497
-0.660116	0.162495
0.0689297	0.0195774
0.44861	0.646755
0.735545	0.916384
0.643476	0.852451
0.477034	0.744825
0.0562081	0.595007
-0.484186	0.353997
-1.2641	1.05428
-1.61709	1.57837
-1.73666	1.79163
-1.7203	1.74981
-1.89185	1.95876
-1.85201	1.81727
-1.86502	1.73263
-2.2299	2.56647
-2.08621	2.23401
-2.26368	2.62019
-2.06189	2.28135
-2.23806	2.58902
-2.22153	2.87239
-2.2217	2.6554
-2.25832	2.80304
-2.17845	2.6675
-2.20688	2.61098
-2.25301	2.88768
-2.30178	3.20726
-2.12408	2.97386
-1.9262	2.21939
-1.58135	1.80402
-1.44692	1.91926
-0.633742	1.30112
0.224946	1.23044
0.761633	1.17521
0.53057	0.850905
0.79277	1.14826
0.8268	0.992518
0.980024	1.03571
0.771245	1.16663
0.979563	1.20069
1.17268	1.56476
0.986123	1.19397
0.594111	0.976411
0.436717	0.920893
0.286474	0.878607
0.0121024	0.897215
-0.555116	1.02143
-0.595152	0.9506
-0.642384	0.902756
-0.878006	1.10905
-0.87809	0.914985
-0.675191	0.81818
-0.822057	0.839703
-0.865214	0.945616
-0.749154	1.0474
-0.871601	0.746139
-0.589955	0.422745
-0.608543	0.628139
-0.564308	1.02495
-0.817205	0.923083
-1.88231	1.86206
-1.84266	1.17074
-1.64908	0.641216
-1.5947	0.851568
-1.42876	0.638052
-1.59598	1.08863
-1.64415	1.28877
-1.69711	1.19498
-1.90364	1.30498
-1.77923	1.22174
-1.6222	1.21523
-1.72249	1.41752
-1.58305	1.13772
-1.44652	1.12347
-1.27754	0.89457
-1.11803	0.913198
-1.31766	1.49693
-1.69431	1.49837
-1.82197	1.13323
-1.89846	1.20123
-1.90262	1.11081
-2.04078	1.19373
-2.0373	1.39088
-2.06726	1.56235
-1.87747	1.57192
-1.81123	1.52099
-1.9129	1.81935
-1.65269	1.35512
-1.25544	0.801219
-1.00439	0.330625
-1.42608	0.858988
-1.99451	1.96355
-2.32916	2.66399
-2.23805	2.33059
-2.14079	2.16997
-2.11365	2.16162
-2.21833	2.34019
-1.93752	1.47335
-1.91335	1.53759
-1.85265	1.4621
-1.68293	0.862765
-1.67122	1.0148
-1.5604	0.80742
-1.66966	1.18923
-1.56456	1.05732
-1.72371	1.52115
-1.52306	1.49778
-0.623929	0.0574706
0.405521	-0.332342
0.473814	-0.0875078
0.460953	0.356467
0.716766	0.678639
0.562931	0.44415
0.400354	0.352042
0.650251	0.436787
0.491497	0.601892
0.469382	0.704305
0.544436	0.576658
0.456383	0.585173
0.207251	0.734221
-0.102939	0.335584
-1.07571	0.817634
-1.1714	0.928681
-1.27148	1.26232
-1.21188	1.22288
-1.29899	1.25003
-1.28773	1.20579
-1.31266	1.11457
-1.3663	1.20936
-1.23948	0.91208
-1.23298	0.861988
-1.24677	0.749182
-1.26174	0.7129
-1.25729	0.726633
-1.28699	0.606973
-1.50512	0.974895
-1.37493	0.80228
-1.09518	0.595156
-1.12056	0.546857
-1.208	0.612933
-1.10153	0.408596
-1.26402	0.825666
-1.1804	0.477561
-1.18078	0.744762
-1.02441	0.772255
-0.836875	0.579913
-1.17752	0.877164
-1.4905	1.27775
-1.36495	1.0137
-1.22603	0.677891
-1.37073	0.772258
-1.59842	1.17256
-1.60947	1.03415
-1.44825	0.601514
-1.37825	0.634945
-1.25286	0.768373
-0.674208	0.174821
-0.0477779	-0.232827
0.289258	0.00181055
0.454076	0.0865158
0.358036	0.143237
-0.0306317	0.116837
-0.396316	0.33735
-0.799203	0.78095
-0.835839	0.580281
-1.458	1.1597
-1.94459	1.78429
-2.07076	2.29898
-2.03201	2.01125
-2.15377	2.48345
-2.09707	2.32478
-2.05431	2.18793
-1.99656	2.01649
-2.00868	2.1304
-1.87854	1.76902
-1.73259	1.49501
-1.79832	1.43927
-1.81225	1.56133
-1.77187	1.53764
-1.85128	1.68405
-1.86094	1.64595
-1.57895	1.45146
-1.5481	1.26435
-1.89765	1.72299
-1.89355	1.64901
-1.91531	1.60273
-2.12162	2.03521
-2.13219	2.0476
-2.1951	2.36564
-1.92789	1.72838
-1.67637	1.29868
-1.60214	1.17305
-1.49427	1.25524
-1.56699	1.48214
-1.23866	0.993248
-1.34035	0.854569
-1.68337	1.64629
-1.9208	2.11944
-2.02522	2.28673
-1.31265	0.657442
-1.54046	0.890317
-1.68991	1.07421
-2.12299	1.80548
-2.15439	1.76792
-1.85963	1.19533
-1.75187	1.25356
-2.13233	1.99482
-1.91693	1.724
-1.89768	1.93039
-1.90352	1.95202
-1.68184	1.66776
-1.42884	1.17285
-1.27395	0.952965
-1.31463	1.06912
-1.51247	1.23245
-1.30859	1.05823
-1.5435	1.45581
-1.61574	1.55955
-1.38289	1.25507
-1.12132	1.02348
-0.859632	1.05096
-0.911049	1.17454
-1.03746	1.11848
-1.14022	1.46554
-1.08812	1.04222
-0.824498	0.95515
-0.994348	1.25861
-0.830104	0.948468
-0.731514	1.11813
-0.746916	1.15167
-0.729037	1.15238
-0.712376	0.958046
-0.879307	1.20991
-0.690243	1.04441
-0.648776	0.899333
-0.762918	1.07187
-0.520422	0.694023
-0.75907	0.990767
-0.680831	1.06479
-0.864666	0.854249
-0.913344	1.09348
-0.824216	1.07042
-0.701708	1.13037
-0.698209	0.975696
-0.942524	1.26841
-0.718791	1.12708
-0.697316	1.04382
-1.3979	1.23896
-1.85449	1.87711
-1.90989	1.88472
-1.93977	1.8588
-1.79306	1.64664
-1.86621	1.60853
-1.71146	1.42257
-1.64891	1.62743
-1.59145	1.58347
-1.50722	1.19323
-1.45882	1.11275
-1.4625	1.31223
-1.55904	1.45978
-1.46768	1.28851
-1.62416	1.65491
-2.02224	2.20512
-1.67851	1.22357
-1.69203	1.34428
-1.75237	1.43975
-1.24559	1.3149
-0.964125	1.26024
-1.24735	1.11033
-1.11312	1.14343
-0.397338	0.828301
-0.531171	0.711741
-0.224675	0.347672
-0.423197	0.239522
-1.06753	0.560274
-1.22551	0.817615
-1.20481	0.928732
-1.39316	1.36349
-1.42818	1.31352
-1.82766	1.88679
-2.03638	1.98109
-2.07774	1.89831
-2.03222	1.90875
-1.99185	1.87466
-2.03091	1.85649
-1.91536	1.80017
-1.61439	1.19878
-1.4486	1.10711
-1.32426	1.09349
-1.13414	1.03183
-0.928668	1.11044
-1.21915	1.34028
-1.78804	1.90186
-1.92445	1.93804
-1.70683	1.35984
-1.64427	1.26307
-1.75493	1.57169
-1.96688	2.28586
-1.92925	2.08262
-2.03193	2.35862
-2.03101	2.39143
-2.03558	2.2988
-1.6314	1.27632
-1.36999	1.05229
-1.24111	1.30907
-0.969127	1.44955
-1.36613	1.48002
-2.03201	2.20227
-2.24346	2.44779
-2.19586	2.13965
-2.11469	1.8543
-2.04442	1.5661
-1.80131	1.24806
-2.01132	1.94156
-2.07319	2.21145
-2.05372	2.22172
-1.94146	1.98972
-1.78288	1.57943
-1.61112	1.30411
-1.34232	1.03053
-0.979465	0.473184
-0.186223	0.0189307
0.139051	0.247892
0.268637	0.328193
0.241651	0.289592
0.358083	0.251682
0.215375	0.188476
0.470885	0.265471
0.296358	0.364544
0.315742	0.523838
0.312669	0.479903
0.239612	0.507613
-0.561969	0.523186
-0.559778	0.192969
-0.601703	-0.0124423
-0.663774	0.0774249
-0.59054	0.087513
-0.676553	0.209667
-0.845403	0.507129
-0.912777	0.763597
-1.19496	1.11543
-1.02343	0.861723
-0.902526	1.04815
-0.752823	0.782135
-0.59498	0.841144
-0.52617	1.42975
-0.696601	1.35528
-0.364315	0.678161
-0.708126	0.727754
-0.7129	0.923959
-0.774284	1.17381
-0.651345	1.08622
-0.611528	0.968059
-0.778065	1.01138
-0.868914	1.19603
-0.936101	1.14187
-1.07992	1.17338
-1.40008	1.62878
-1.25047	1.4586
-1.13333	1.26587
-1.13099	1.30561
-1.26363	1.24592
-0.968751	1.15315
-1.16807	1.00978
-1.25349	1.37466
-0.812962	0.377514
-0.296631	-0.0533752
0.294949	-0.339415
0.429759	-0.10219
0.15825	0.130194
0.14381	0.0224849
-0.744155	0.156999
-1.34291	0.556097
-1.36398	0.529646
-1.6221	0.958312
-1.85057	1.28066
-1.85568	1.24778
-1.95551	1.67695
-1.97278	1.76944
-1.84404	1.47137
-1.76423	1.36707
-1.54764	0.844671
-1.12909	0.258258
-0.854219	0.0522575
-0.25768	0.204727
0.0772968	0.658014
-0.093353	0.680479
0.253226	0.741585
-0.151966	0.75101
-0.0441373	0.811245
-0.214913	0.991276
-0.431218	1.03824
-0.764556	1.43509
-1.11074	1.24573
-1.6688	1.82716
-1.62877	1.89596
-1.55268	1.87835
-1.47592	1.77536
-1.4861	1.85936
-1.46444	1.81227
-1.34467	1.60687
-1.54625	1.95322
-1.64021	1.98082
-1.50381	1.78327
-1.44272	1.54496
-1.26497	1.24257
-0.486146	0.453278
-1.01686	0.962767
-1.57567	1.99789
-2.0738	2.83503
-1.84812	2.37501
-1.48884	1.58686
-0.869409	0.885915
-0.893983	1.01542
-0.641274	0.835653
-0.825764	0.985671
-0.737936	1.02114
-0.774051	0.988534
-0.761124	0.83021
-0.910136	1.54727
-1.00536	1.68577
-1.01461	1.3413
-0.7555	1.04528
-0.611646	0.959585
-0.833865	1.22204
-0.748215	1.21811
-0.692355	1.29847
-0.849572	1.24467
-0.790461	1.05855
-0.738424	1.32032
-0.822432	1.29494
-0.871814	1.28028
-0.802075	1.16978
-0.810417	1.10713
-0.767638	1.18736
-0.775194	1.18409
-0.678713	1.0553
-0.732016	1.12732
-0.675498	1.01961
-0.827574	1.22928
-0.815537	1.14583
-0.627182	0.954302
-0.417407	1.00351
-0.689066	1.24011
-0.720102	1.0196
-0.745985	1.33842
-0.588514	0.997931
-0.698501	1.06391
-0.765456	1.21052
-0.540044	0.937599
-0.776689	1.2133
-0.639222	1.00648
-1.33081	1.0927
-1.85766	1.49328
-2.05318	1.68763
-1.79512	1.03953
-1.81448	1.06017
-1.62073	0.988638
-1.70721	1.40209
-1.65604	0.972394
-1.67178	1.07958
-1.71372	1.07641
-1.54014	0.746159
-1.57042	0.946034
-1.78114	2.29212
-1.60921	1.24052
-1.48702	0.733355
-1.65661	1.17076
-1.66473	0.993553
-1.71856	1.05678
-1.8829	1.49117
-2.01702	1.75695
-2.1028	1.60332
-1.97591	1.10079
-2.13351	1.55768
-2.21275	1.77356
-2.23593	1.98315
-1.78977	1.6548
-1.80495	1.45141
-1.80552	1.47675
-1.72127	1.37436
-1.98418	1.94328
-2.01048	1.9636
-1.98581	1.97851
-1.88269	1.40944
-1.83937	1.6539
-2.05036	2.16405
-1.83578	1.19956
-1.55745	1.23618
-1.24889	1.00658
-0.811997	0.378217
-0.734223	0.218339
-0.941716	0.453162
-1.04622	0.468896
-1.54749	0.847703
-1.65345	1.10866
-1.66412	1.16979
-1.83784	1.47825
-1.77659	1.29252
-1.65295	1.84089
-1.49114	1.57925
-1.12739	0.851163
-0.778297	0.621466
-0.452331	0.705185
-0.19552	0.651822
-0.355946	0.966158
-0.607343	1.16265
-0.675421	1.02348
-0.832386	0.927244
-0.825899	0.739138
-1.07012	1.14319
-2.06209	2.22913
-2.09998	2.31124
-2.16526	2.27583
-1.92357	1.9625
-2.36148	2.62765
-2.49768	2.60583
-2.60435	2.91422
-2.50042	2.85795
-2.37363	2.67587
-2.25774	2.39161
-2.01774	1.72828
-2.13398	2.07565
-2.307	2.23714
-2.11056	1.66671
-2.09933	1.94437
-1.94115	1.72561
-1.92108	1.83753
-1.92108	1.85826
-1.9684	2.02014
-1.92029	1.82526
-1.98325	1.91999
-1.9688	1.84398
-1.93004	1.78893
-1.62376	1.27911
-1.52878	1.20418
-1.24853	1.05429
-1.28033	1.17632
-1.13405	1.13536
-1.03488	1.12843
-0.991504	1.15237
-0.927036	0.960943
-0.910833	1.07827
-0.775458	0.480282
-1.49938	0.990975
-1.67524	1.31321
-1.90176	1.82914
-2.07768	2.18386
-2.13121	2.36462
-2.25646	2.81534
-1.63374	2.18279
-1.73389	1.9837
-2.10635	2.39769
-2.23152	2.40489
-1.95272	2.08277
-2.05235	2.64028
-2.02768	2.25461
-2.20358	2.44022
-2.19015	2.49228
-2.21192	2.40148
-2.28904	2.57958
-2.10561	2.10223
-2.0811	2.12608
-1.96744	1.93478
-1.93674	1.98338
-1.9156	1.90437
-1.97049	2.06228
-1.96696	2.02774
-1.99933	2.09081
-1.86539	1.6228
-1.88565	1.6746
-1.6704	1.31841
-1.3337	1.05252
-1.53766	1.6312
-1.29515	1.15677
-0.847751	0.964297
-0.978081	1.08965
-1.27645	1.16189
-1.80055	1.92374
-1.84675	1.99254
-1.78293	1.88273
-1.70817	1.8193
-1.48279	1.69607
-1.48537	1.51457
-1.29806	1.23498
-1.4857	1.5192
-1.17403	0.999278
-0.753796	0.731054
0.317706	0.584457
0.692537	0.746941
0.930056	1.06528
0.931028	0.683971
0.937435	0.817572
0.764482	0.644785
0.868393	0.818022
0.863322	0.66604
0.883912	0.79365
0.877243	0.783178
0.916337	0.710648
0.62989	0.426664
0.842898	0.733896
0.590968	0.511373
0.49851	0.377072
0.53535	0.576183
0.529455	0.677947
0.0672607	0.288315
-0.0808671	0.549963
-0.24888	0.682445
-0.771952	0.912206
-0.684731	0.910963
-0.573533	0.792777
-0.688907	0.833203
-0.736783	1.07675
-0.856109	1.05625
-0.65372	0.880964
-0.510702	0.741456
-0.667129	1.04593
-0.575183	1.112
-0.702158	1.15133
-0.685801	1.00347
-0.561024	0.664197
-0.727073	0.798794
-0.667072	0.926771
-0.790487	1.02518
-0.565107	0.848807
-0.618163	1.0468
-0.685907	1.0143
-0.629265	0.998632
-0.652171	0.978042
-0.625488	0.983438
-0.638889	1.10601
-1.11666	0.958215
-1.40535	1.04894
-1.65309	1.52835
-1.39807	1.21557
-0.266074	0.889038
-0.847352	0.901682
-1.82987	1.86814
-1.95698	2.21904
-0.698734	0.467245
-0.58958	0.398432
-0.939116	0.689611
-1.04358	0.703391
-1.10539	0.871023
-1.27685	1.41142
-1.42608	1.69922
-1.49119	1.8145
-1.52242	1.84238
-1.69378	2.25428
-1.61879	1.98766
-1.62542	1.80895
-1.7627	2.03867
-1.75576	2.0525
-1.86257	2.30121
-1.99574	2.55663
-1.91592	2.12036
-2.06005	2.13716
-1.98143	2.00371
-1.85205	1.58849
-1.75428	1.32582
-1.7618	1.2422
-1.75929	1.02904
-1.85523	1.22675
-1.91919	1.43491
-1.84284	1.1363
-1.70688	0.840526
-1.68769	0.783313
-1.57281	0.655928
-1.43149	0.498085
-1.5697	0.753465
-1.41988	0.49277
-1.41381	0.747276
-1.24608	0.60013
-1.02381	0.273432
-0.986673	0.170643
-1.14711	0.290105
-1.23733	0.539244
-1.3573	0.875523
-1.33567	1.20383
-1.14974	1.14154
-1.02899	0.96637
-0.739882	0.859957
-1.04046	1.13837
-0.691203	0.936728
-0.417504	0.573649
-0.795364	0.773428
-0.422662	0.635994
-0.645597	0.75128
-0.976083	1.224
-0.898839	1.22061
-0.887804	0.964782
-0.686902	0.736306
-0.484576	0.444166
-0.55736	0.254383
-0.630319	0.267215
-0.81907	0.618183
-0.849744	0.335463
-0.996605	0.76829
-1.04349	0.848565
-1.09928	0.911615
-1.30713	1.20547
-1.55521	1.54826
-1.91407	2.07342
-1.85544	2.02687
-1.76835	1.81192
-1.79426	1.93421
-1.84268	1.95627
-1.93806	2.22498
-1.94099	2.32658
-1.37905	1.23673
-0.942838	0.930461
-1.15521	1.06215
-1.3296	1.35203
-1.09324	0.879574
-0.896373	0.743155
-1.01868	0.856622
-1.04763	0.955592
-1.22056	1.30599
-1.23589	1.29557
-1.34533	1.53068
-1.32244	1.55562
-1.38087	1.5732
-1.44191	1.6194
-1.56891	1.9368
-1.56749	1.80345
-1.68977	1.99308
-1.86926	2.21992
-1.88662	2.29291
-1.95872	2.45778
-1.93171	2.16892
-1.91083	2.30462
-1.91596	2.32781
-1.87946	2.11645
-1.77138	1.95677
-1.72312	2.00341
-1.42192	1.46496
-1.46929	1.50863
-1.41903	1.37791
-1.17881	1.11139
-1.14369	1.3906
-0.712258	1.10764
-0.768983	1.01235
-0.56181	0.964578
-0.837188	1.16687
-0.733414	1.02958
-0.76242	1.06497
-0.852439	1.1568
-0.783301	1.0785
-0.634369	0.984034
-0.789305	0.974596
-0.890296	1.07574
-0.713001	0.910822
-0.524659	1.10616
-0.690103	1.2757
-0.675693	0.99089
-0.531049	0.711951
-1.00328	1.09169
-2.04585	1.58383
-1.95615	1.43229
-1.97771	1.57948
-1.73716	1.06406
-1.59353	0.820293
-1.52063	0.884998
-1.74251	1.68068
-1.82845	1.55328
-1.9217	1.61675
-1.78256	1.35512
-1.55715	1.07507
-1.54801	1.12509
-0.0652247	0.250563
0.0986792	0.672082
-0.549945	0.830132
-0.480632	0.553752
-0.575686	0.644748
-0.215819	0.502183
-0.314251	0.750379
-0.51	0.774847
-0.851279	0.386677
-1.30731	0.713121
-1.5775	0.928294
-1.36275	0.298513
-1.45494	0.442857
-1.65779	0.982257
-1.79756	1.09615
-2.02043	1.779
-2.0845	2.02177
-1.79274	1.19835
-1.82221	1.11334
-1.71453	0.888015
-1.63626	0.85823
-1.56045	0.746048
-1.68205	1.03915
-1.62243	1.32599
-1.34891	0.84245
-1.63819	1.31781
-1.73455	1.4664
-1.65985	1.4368
-1.84809	1.82209
-1.96941	1.72092
-2.06213	1.61108
-2.06252	1.61563
-2.08035	1.65441
-2.1043	1.81595
-2.07201	1.65261
-1.88444	1.13577
-2.02933	1.26305
-2.00968	1.15302
-1.85866	0.88728
-2.01598	1.29652
-1.76193	0.781595
-1.72836	0.953168
-1.41125	0.712654
-1.23768	0.653377
-0.926298	0.521107
0.27661	0.276965
0.770239	0.391504
0.998314	0.567176
0.745648	0.391232
0.733878	0.465191
0.874084	0.843984
0.618553	0.352402
0.549246	0.501677
0.00414602	0.32944
-0.712777	0.317942
-1.41015	0.705388
-1.43026	0.653934
-1.68944	0.889377
-1.67796	0.833924
-1.72177	1.14256
-1.67477	1.09078
-1.75822	1.36317
-1.51793	1.07528
-1.75825	1.57639
-1.91361	1.65219
-1.93381	1.87598
-1.90795	1.94357
-2.05615	2.06649
-2.13026	2.34402
-1.99406	2.07
-1.96993	1.9753
-2.06526	2.01034
-2.27102	2.55229
-2.05886	2.10512
-1.96317	1.98751
-1.94133	1.95773
-2.01536	1.93398
-1.88379	1.49725
-2.01933	1.73702
-2.01098	1.80281
-2.07649	2.02494
-1.84662	1.65664
-1.87448	1.74673
-1.68147	1.51685
-1.86674	1.92201
-1.88596	1.93852
-1.88987	2.05788
-1.73105	1.65927
-1.76164	1.88209
-1.84781	2.11402
-1.9556	2.10105
-1.56561	1.69484
-1.49457	1.71512
-1.45745	1.57786
-1.37159	1.26409
-1.15569	1.03485
-1.05233	1.09904
-0.663709	0.95582
-0.729904	0.855229
-0.685851	0.877844
-0.489233	0.86262
-0.620252	1.03447
-0.605127	1.0423
-0.586887	0.969468
-0.573512	1.04466
-0.562228	1.03878
-0.564141	0.893011
-0.743679	0.933198
-1.23201	0.901722
-1.44234	1.0644
-1.72133	1.87213
-1.89086	2.05556
-2.22942	2.39492
-2.17566	2.35248
-1.9155	1.82179
-1.94219	2.10287
-1.67547	1.71512
-0.843171	0.592772
0.336488	0.346529
0.181114	0.0657224
0.00177412	0.294944
-0.282349	0.610648
-0.511395	0.391764
-0.652842	0.842072
-0.466442	0.844549
-0.598494	0.591299
-0.626921	0.593652
-1.57036	1.52705
-1.57148	1.51798
-1.2335	1.12091
-1.04883	0.847556
-0.902787	0.811266
-1.01399	1.08334
-1.1458	1.24915
-1.0067	1.18335
-1.01565	0.805131
-1.18484	1.04306
-0.997247	0.691005
-0.925315	1.1061
-0.65757	0.454729
-0.238932	0.424825
0.0619808	0.366725
0.106296	0.641865
0.174176	0.466662
0.1897	0.546225
0.253669	0.420435
0.101842	0.472396
-1.22958	0.961426
-1.30901	0.97742
-1.39184	1.15367
-1.59442	1.50788
-1.82935	1.88302
-1.9742	2.00054
-1.89425	1.67416
-1.50102	1.01794
-1.56482	1.24189
-1.54815	1.38721
-1.32489	1.0506
-1.05322	0.532635
-1.95381	1.95226
-2.02566	2.27467
-1.98206	2.08197
-1.83393	1.84263
-1.6381	1.43291
-1.66462	1.47854
-1.45186	0.797229
-1.64615	1.33669
-1.74321	1.85082
-1.47153	1.01476
-1.34152	0.961943
-0.29618	0.0972894
0.252457	0.63954
-0.335534	0.611776
-0.126149	0.371232
-0.115934	0.460067
0.00493268	0.404112
-0.219961	0.599673
-0.892569	1.03996
-1.37333	1.34128
-1.36086	1.2193
-1.58318	1.60637
-1.51914	1.71819
-1.1734	1.30102
-1.2292	1.41386
-1.45956	1.78831
-1.27018	1.06706
-1.15679	0.902314
-0.907813	0.757027
-1.20175	1.1955
-1.21408	1.06538
-0.976783	0.935972
-0.673628	0.75654
-0.606327	1.19669
-0.689013	1.25873
-0.734173	1.16731
-0.980245	0.999337
-1.18011	1.12535
-1.06672	0.981163
-1.10073	1.06259
-1.17697	1.26635
-1.23032	1.32059
-1.04573	0.853642
-0.997228	0.708733
-1.10108	0.906801
-1.32408	1.11212
-1.27034	0.951012
-1.39464	1.11343
-1.64556	1.60219
-1.56033	1.06208
-0.999792	0.172684
-0.372355	-0.455201
0.546553	-0.337823
1.00056	0.519314
0.983924	0.586315
1.16129	0.814999
1.33799	1.25218
1.16984	0.819023
0.889108	0.580032
1.01171	0.785025
1.02745	0.537121
0.812999	0.451174
0.692506	0.374117
0.545643	0.380258
0.0620957	0.523946
-0.10069	0.761036
-0.378626	0.655857
-0.633229	0.663553
-0.796305	0.811237
-0.784705	0.568595
-0.685032	0.688293
-0.631801	0.611105
-0.583432	0.757184
-0.816237	0.975381
-0.630203	0.793754
-0.705369	0.894235
-0.672372	1.08094
-0.714647	1.05539
-0.705659	1.17683
-0.632394	0.825489
-0.797144	1.04135
-0.773615	1.08365
-0.799115	1.11449
-0.654928	0.788165
-0.778599	0.950663
-0.664275	0.856184
-0.758744	1.32335
-0.702859	1.09441
-0.677453	1.0403
-0.831334	1.06753
-0.608323	0.902333
-0.576289	1.0081
-0.578976	1.0507
-0.786479	0.909985
-0.465149	0.752408
-0.771112	0.993342
-0.879319	0.85666
-0.811185	0.69692
-1.08897	0.903129
-1.42614	0.937905
-1.62521	1.43795
-1.37091	0.994154
-1.41872	0.942861
-1.67599	1.21945
-1.47193	0.864872
-1.19048	1.69847
-1.32451	1.6679
-2.02669	2.2447
-2.12495	2.23338
-2.25519	2.8347
-2.1341	2.19743
-2.10245	1.85104
-2.13315	1.84706
-2.02629	1.48894
-2.06053	1.64888
-2.09603	1.94791
-2.24912	2.32607
-2.21956	2.23975
-2.20741	2.17031
-2.21649	2.14694
-2.25839	2.60976
-2.14356	2.69694
-2.16025	2.83181
-2.12451	2.71889
-2.24896	3.09056
-1.85326	2.38103
-1.91476	2.38813
-2.06473	2.52276
-2.02609	2.54783
-1.99001	2.45267
-1.90548	2.29935
-1.88171	2.40611
-1.72225	2.06229
-1.48338	1.3928
-1.53242	1.26306
-1.63434	1.38888
-1.7196	1.46025
-1.84022	1.62783
-2.03622	2.14735
-2.02699	1.9049
-1.91876	1.72691
-1.86624	1.72917
-1.42858	1.14841
-1.16769	1.06342
-1.005	0.627182
-0.87959	0.222911
-1.02486	-0.225858
-1.44541	0.464627
-1.66451	0.797882
-1.52849	0.544849
-1.56736	0.728872
-1.71455	1.01903
-1.64306	0.71077
-1.65752	0.655917
-1.61276	0.451137
-1.64337	0.65006
-1.1727	0.487568
-0.218939	0.229165
-0.0334881	-0.0554829
0.0588963	-0.0691207
0.332201	0.234836
0.25192	0.262769
0.348961	0.458782
0.386766	0.355669
0.288812	0.518952
0.0422519	0.264155
-0.447632	0.151349
-1.46149	0.591895
-1.56546	0.641372
-1.74647	0.868482
-2.00643	1.38998
-1.87981	1.02296
-1.81256	0.956059
-1.55473	0.43755
-1.53158	0.380673
-1.58432	0.577321
-1.62445	0.639094
-1.5962	0.538734
-1.62513	0.653707
-1.63407	0.566208
-1.58879	0.564562
-1.80585	1.00074
-1.8381	0.914319
-1.83841	1.07117
-1.66105	0.488157
-1.63551	0.521192
-1.74292	0.650895
-1.91336	1.06473
-1.76689	0.750915
-1.73946	0.62986
-1.72322	1.01803
-1.47449	0.87624
-0.874518	-0.0138646
0.390777	-0.253257
0.458612	0.259722
0.16539	0.373237
0.227424	0.207937
0.0451487	0.294849
0.274066	0.383582
0.200452	0.363645
0.0554948	0.299881
0.070816	0.474286
-0.242461	0.258328
-1.47071	0.8601
-1.87694	1.64666
-2.06406	1.93587
-2.21561	2.51444
-2.06419	2.21903
-2.24492	2.7032
-2.13679	2.39143
-2.18794	2.52815
-2.15163	2.43966
-2.14686	2.23933
-2.13875	2.12612
-2.05648	2.05423
-1.84923	1.63558
-2.03771	2.02528
-1.92966	1.80399
-2.0432	2.01213
-2.11118	1.931
-2.07673	1.67683
-2.19737	2.51403
-2.08815	2.48916
-1.77828	1.71366
-1.66087	1.44348
-1.51227	1.23576
-1.50724	1.39278
-1.54068	1.42964
-1.40335	1.07688
-1.63124	1.34505
-1.60906	1.27149
-1.5821	1.49511
-1.38315	1.15947
-0.74974	1.25318
-0.862285	1.27369
-1.19594	1.08095
-1.02621	0.721344
-1.2075	0.946201
-0.883852	0.745011
-0.818134	0.56877
-0.536304	0.0968281
0.557446	0.0294777
0.522435	0.0187716
0.365609	0.330133
-0.0977122	0.367533
-0.181178	0.494415
-0.400355	0.814767
-0.506836	0.667493
-0.369656	0.649601
-0.275774	0.655085
-0.322366	0.405447
-0.956519	0.635814
-1.06035	0.88181
-0.913026	0.67825
-0.834885	0.623041
-0.921067	0.909433
-1.03305	1.09443
-0.921245	0.842156
-0.839862	0.852109
-0.835266	0.715158
-1.04419	0.729714
-0.946305	0.646214
-0.999916	1.1038
-1.01553	0.631887
-0.682554	0.139722
-0.259435	0.197055
-0.0891475	0.376576
0.00975417	0.519896
0.221094	0.655694
0.0900085	0.581511
0.0591986	0.308861
-0.284796	0.250295
-1.18824	0.780334
-1.49314	0.926394
-1.71866	1.47112
-1.88977	1.6459
-1.97158	1.8168
-1.79777	1.58389
-1.72257	1.35374
-1.50914	0.980743
-1.39851	0.81358
-0.755413	0.372677
-0.388293	0.530343
-0.452917	0.547086
0.00695395	0.409547
0.3222	0.298648
0.157599	0.475317
-0.586575	0.213841
-1.30384	0.762243
-1.28267	0.69937
-1.30423	0.906761
-1.5597	1.34305
-1.72044	1.71227
-1.71669	1.54157
-1.70338	1.37483
-1.52805	1.15406
-1.40607	1.16578
-1.12583	0.895624
-1.10408	0.915758
-0.951219	0.789302
-0.727368	0.505196
-0.724974	0.263054
-0.578695	0.0939692
-0.358168	-0.0659924
-0.440065	0.144454
-0.093639	0.166638
-0.222227	0.32059
-0.447536	0.410887
-0.387202	0.122224
-0.718558	0.232834
-0.967804	0.506799
-1.11016	0.667344
-1.32222	1.09338
-1.33495	0.992867
-1.48518	1.15335
-1.65317	1.4652
-1.66452	1.46457
-1.87024	1.77949
-1.93264	1.80346
-1.82638	1.5363
-1.69618	1.34824
-1.70521	1.52742
-1.87589	2.06639
-1.75868	1.85609
-1.84883	2.04486
-1.92373	2.24428
-1.92826	2.16962
-1.95749	1.97061
-1.81591	1.55837
-1.69711	1.19976
-1.7303	1.31855
-1.57283	1.24654
-1.56703	1.31527
-1.45527	1.07864
-1.04357	0.60485
0.105511	0.417823
-0.0131427	0.241945
0.0688696	0.399276
0.0687251	0.454666
0.371206	0.647623
0.410435	0.478038
0.33061	0.564659
0.347845	0.517964
0.0859145	0.780994
0.102352	0.722385
-0.710273	0.937973
-0.978704	0.738935
-1.08749	0.755469
-0.875816	0.640656
-0.960092	0.730441
-1.1343	0.968876
-1.34763	1.30699
-1.52753	1.44794
-1.47112	1.38022
-1.55226	1.63883
-1.59205	1.54525
-1.39721	1.29534
-1.33218	1.1509
-1.29251	1.11293
-1.2535	1.0625
-1.17427	1.12649
-1.09085	1.09386
-1.21592	1.24377
-1.05264	1.22691
-0.990178	1.02743
-0.851061	0.940618
-0.696465	0.942484
-0.773163	1.11173
-0.861124	1.16567
-0.791379	1.15281
-0.783661	1.24424
-0.698742	1.1282
-0.588019	0.957702
-0.521029	0.939929
-0.341034	0.680498
-0.743099	1.21114
-0.563477	0.843617
-0.462865	0.941467
-0.702252	1.07017
-0.614395	0.938714
-0.514417	0.77618
-0.510834	0.979077
-1.26017	1.03148
-1.99449	1.58858
-2.02548	1.45872
-1.79248	1.17812
-1.61632	1.02822
-1.6669	1.50039
-1.78401	1.77425
-1.65018	1.27949
-1.53549	1.13959
-1.44162	0.968624
-1.47619	1.08396
-1.41122	1.02841
-1.41583	0.854022
-1.48759	1.09528
-1.61053	1.35177
-1.8419	1.79444
-1.62128	1.14666
-1.83596	1.60412
-1.48082	1.28141
-0.413838	0.560047
-0.0315014	0.793547
0.114886	0.867684
-0.0952351	0.644335
-0.135916	0.637078
-0.363638	0.899267
-0.233638	0.884201
-0.122842	0.85109
-1.72311	1.63034
-1.73194	1.46428
-1.84428	1.68885
-1.71099	1.5181
-1.69368	1.41928
-1.79513	1.61634
-1.7868	1.45159
-1.99718	1.85611
-1.98159	1.94432
-1.63786	1.42916
-1.50122	1.38315
-1.34892	1.15609
-1.26564	0.992345
-1.51401	0.920713
-1.71221	0.945433
-2.08161	1.56133
-2.00454	1.52482
-1.91503	1.54052
-1.74105	1.3637
-1.54993	1.31265
-1.42985	1.18105
-1.35545	1.13234
-1.34415	1.09443
-1.46952	1.30924
-1.87892	1.95865
-1.85827	1.73157
-1.75953	1.48788
-1.86457	1.80608
-0.437236	0.308453
-0.160175	0.457916
0.0345826	0.537546
0.242516	0.513135
0.480989	0.892364
0.477618	0.710209
0.205751	0.710203
0.184345	0.719244
-0.154332	0.8743
-1.07273	0.89991
-0.958866	0.608058
-1.1129	0.83836
-1.23345	1.05294
-1.22472	1.00848
-1.30452	1.08359
-1.49272	1.40426
-1.55405	1.35092
-1.59279	1.50103
-1.72298	1.80667
-2.01316	2.49712
-1.89904	2.13654
-1.92458	2.19846
-1.89803	2.0653
-1.80271	1.92737
-1.95901	2.35683
-2.16529	2.84638
-2.16567	2.62736
-2.13803	2.51308
-1.98692	2.18192
-1.89618	1.88737
-1.86354	1.69888
-1.87101	1.636
-1.6888	1.42871
-1.51968	1.08441
-1.61632	1.37576
-1.07596	1.04209
-0.932684	0.71093
-1.02255	0.681293
-1.63798	1.37275
-1.69043	1.56958
-1.53609	0.960739
-0.893452	0.529545
-1.18182	0.753654
-1.54537	1.25112
-1.43263	1.0361
-1.48684	1.35514
-1.33165	1.05297
-1.17347	0.929307
-1.30913	0.884446
-0.785401	0.120476
-0.00713984	-0.0177237
0.264788	0.163028
0.106195	0.344743
0.28025	0.503374
0.312572	0.558922
0.402773	0.494101
0.685891	0.535447
0.513362	0.547493
0.294612	0.586333
0.402543	0.721373
0.469404	0.630386
-0.0200242	0.527764
-0.579477	0.445209
-0.711196	0.354875
-0.665126	0.221159
-0.634169	-0.0309126
-0.522204	0.0105485
-0.628587	0.131661
-0.300988	-0.13501
-0.312522	-0.0957725
-0.13399	-0.0434653
-0.206135	-0.156592
-0.124917	0.126707
0.0443823	0.0756764
0.174823	-0.0339562
0.0403598	-0.117161
-0.0570315	-0.0842738
-0.156881	-0.0272947
-0.355827	0.447802
-0.57388	0.692016
-0.40975	0.715616
-0.661174	0.846043
-0.624527	0.757306
-0.646161	0.876481
-0.48524	0.870645
-0.31964	0.773994
-0.384023	0.328444
-0.534525	0.41561
-0.609081	0.391842
-0.5755	0.223937
-0.482851	0.45738
-0.77184	0.748846
-0.866582	0.839153
-1.00125	0.955614
-1.32272	1.34773
-1.39154	1.12139
-1.26755	0.971369
-0.790723	0.745651
-0.779272	1.04763
-1.19971	1.34622
-1.15967	0.981138
-0.941532	0.665396
-1.40518	1.08865
-1.51012	1.50203
-1.54534	1.68959
-1.5021	1.67777
-1.46352	1.63573
-1.62376	2.07064
-1.68842	2.24015
-1.81743	2.46874
-1.92945	2.57692
-1.91184	2.51579
-1.90746	2.41904
-1.60351	1.43322
-1.54843	1.09079
-1.52654	1.08921
-1.79098	1.66938
-1.67477	1.56477
-1.4309	0.981479
-1.43153	1.02088
-1.34388	1.1707
-1.28366	1.29451
-0.346685	0.806882
-0.499271	0.859554
-1.26931	0.992876
-1.49639	1.37097
-1.48666	1.47012
-1.47434	1.43857
-1.63194	1.80602
-1.73617	1.97268
-1.99967	2.31162
-2.13597	2.46479
-1.99691	2.24707
-1.97996	2.35336
-1.53349	1.63493
-1.23179	1.17984
-1.03548	0.913152
-0.928839	0.903783
-0.753587	0.659111
-0.885253	0.73647
-1.15542	1.16033
-1.28871	1.16414
-1.82369	2.06455
-1.68853	1.94293
-1.61501	1.72892
-1.55646	1.73104
-1.43975	1.74745
-1.59996	1.46399
-1.71471	1.57149
-1.77047	1.51794
-1.67846	1.23251
-1.83815	1.57673
-1.87091	1.71553
-1.75306	1.66034
-1.69882	1.67187
-1.84933	2.03882
-1.55514	1.69884
-1.37872	1.50137
-1.39078	1.18742
-1.27764	1.13016
-1.11464	0.955554
-1.00978	0.987194
-1.0761	1.43102
-0.744828	0.955114
-0.566269	0.723299
-0.0395601	0.93923
0.0382098	0.895258
0.132307	0.288032
0.594224	0.468389
1.05952	0.830569
0.920221	0.837836
0.865285	0.712351
0.863556	0.673704
0.729136	0.680166
0.814972	0.806192
0.653322	0.63975
0.848735	0.702671
0.509808	0.666109
0.441952	0.75376
-0.179416	0.91716
-0.246742	0.651384
-0.466845	0.876232
-0.710951	1.09547
-0.483811	0.818211
-0.539373	0.820725
-0.445348	0.80889
-0.690867	0.79176
-0.726725	1.17036
-0.760126	1.12303
-0.715081	1.05139
-0.460143	0.795382
-0.281543	0.788508
-0.542419	0.782495
-0.713438	0.884536
-0.724286	0.648806
-1.92918	1.49175
-1.85792	1.23743
-1.98749	1.6986
-1.98432	1.63097
-2.16368	2.04034
-2.13297	2.02455
-2.02805	1.78944
-1.85776	1.45132
-1.21009	0.159342
-0.941867	-0.0224437
-0.620358	-0.38416
-0.640177	-0.106387
-0.764483	0.132006
-1.00353	0.536108
-1.31	0.62244
-1.54091	0.746539
-1.82036	1.27985
-1.92742	1.61791
-1.8201	1.49405
-1.80019	1.54659
-1.75983	1.4103
-1.82782	1.69155
-1.61362	1.60853
-1.56854	1.54421
-1.26031	0.928693
-1.08354	0.521545
-0.778393	0.177128
-0.351832	-0.0884833
-0.045048	0.10077
0.0570111	0.158973
-0.0357157	-0.029093
-0.207647	0.00764576
-0.968902	0.540557
-1.47694	1.25977
-1.4396	0.81688
-1.4665	0.931599
-1.61199	1.25307
-1.81766	2.13923
-1.59783	1.8981
-1.47113	1.72205
-1.38973	1.4291
-1.3984	1.64151
-1.09325	1.34773
-0.982687	1.14192
-0.761109	0.843732
-0.966031	1.04292
-0.834977	0.700957
-0.742036	0.587306
-0.516545	0.169859
-0.0818392	0.0281032
0.522288	0.285968
0.267645	0.643407
0.149887	0.647345
-0.217814	0.623058
-0.163097	0.829082
0.00610365	0.757597
-0.221443	0.426053
0.0781349	0.472786
0.17923	0.565587
-1.01177	0.479673
-1.00988	0.105558
-0.931121	0.0604062
-0.924754	-0.0946861
-0.844499	-0.222378
-0.697586	-0.0299947
-0.334692	-0.345861
-0.0380635	-0.29756
-0.00982705	0.122422
0.0169742	0.204431
0.271016	0.146579
0.120387	0.315859
-0.620158	0.239558
-0.510077	0.662334
-0.364766	0.672691
-0.745967	0.957842
-0.755652	0.933964
-0.577976	0.730848
-0.537402	0.562585
-0.483224	0.780509
-1.81034	1.43068
-1.90517	1.68308
-1.96532	1.57201
-1.9607	1.60587
-2.09088	1.94837
-2.05836	1.84512
-1.81285	1.44494
-1.7953	1.37066
-1.61528	1.01901
-1.71539	1.25514
-1.96379	1.93454
-1.97087	1.98218
-1.93191	2.08578
-2.07747	2.18553
-2.17564	2.22536
-2.39265	2.88757
-2.31944	2.5144
-2.20195	2.20301
-2.38574	2.83024
-2.43012	2.84999
-2.30582	2.33581
-2.26246	2.67455
-1.96127	2.05305
-2.24308	2.58692
-2.18691	2.53532
-2.10263	2.45281
-1.83361	1.94656
-1.74333	1.72523
-1.66061	1.62311
-1.52875	1.43471
-1.37653	1.15666
-1.30884	0.940052
-1.2928	0.973457
-1.26481	0.996061
-1.12852	0.826536
-1.16655	0.947511
-0.950319	0.593945
-0.952575	0.580992
-0.965697	0.606274
-1.05687	0.750756
-1.038	0.718509
-1.24475	1.17773
-1.30655	1.13854
-1.43043	1.08336
-1.31644	0.904054
-0.71129	-0.0120621
-0.287397	-0.228541
-0.0738034	-0.309367
-0.0528169	-0.180946
-0.215414	-0.138275
-0.447117	0.11692
-0.510995	0.10289
-0.863679	0.225654
-1.36621	1.01636
-1.47701	1.13058
-1.50815	1.30006
-1.49029	1.39167
-1.4404	1.38672
-1.448	1.29735
-1.41646	1.2097
-1.49288	1.30644
-1.5638	1.51089
-1.92394	2.41091
-1.42652	1.16955
-1.31787	1.1108
-1.16104	0.933451
-0.922499	1.42003
-0.850562	1.31154
-1.27336	1.14925
-1.35606	1.22006
-1.55672	1.51116
-1.55139	1.52156
-1.82224	2.02978
-1.95213	1.9088
-1.86996	1.52697
-1.61888	0.931699
-1.63579	1.08657
-1.64337	0.958021
-1.86472	1.55878
-1.83824	1.55918
-1.83119	1.54173
-0.989117	0.366118
-0.489978	-0.0827022
-0.42997	-0.13427
-0.692105	-0.0134531
-1.00489	0.466186
-1.4533	1.07636
-1.8242	1.72872
-1.70624	1.47849
-1.7744	1.73365
-1.68028	1.66812
-1.54099	1.64237
-1.55199	1.84271
-1.78768	2.36935
-1.88059	2.58937
-1.77105	2.10716
-1.88709	2.34258
-2.0717	2.61233
-1.98936	2.32806
-1.90612	2.01789
-2.03145	2.28747
-2.02631	2.07779
-2.19754	2.34841
-2.15777	2.48678
-1.92721	1.94092
-1.78459	1.64397
-1.84281	1.68788
-1.79894	1.68351
-1.46934	1.12244
-1.43154	1.32647
-1.18379	0.712613
-1.12935	0.646439
-0.925161	0.553073
-0.893226	0.613201
-0.770704	0.42914
-0.668758	0.421044
-0.843063	0.721547
-0.954199	0.939445
-0.730645	0.504346
0.413199	0.306017
0.676525	0.859331
0.722889	0.673734
1.01245	1.14032
0.792265	0.761664
0.718127	0.816222
0.828448	1.04196
0.751478	0.61596
0.809286	0.835279
0.94837	0.783176
0.764177	0.728629
0.878958	0.750431
0.700395	0.648524
0.539926	0.661484
-0.0205181	0.458916
-0.577596	0.727727
-0.685003	0.79594
-0.727107	0.834077
-0.760958	0.938627
-0.809165	0.983238
-0.648245	0.902174
-0.825625	1.05359
-0.887227	1.2479
-0.831636	1.17331
-0.876116	1.1235
-0.740838	1.15586
-0.632241	1.01459
-0.772711	0.936947
