0.629307	-0.400504
0.571424	-0.593597
0.509085	-0.629777
0.55654	-0.697117
0.805925	-0.374505
1.06143	-0.105305
1.23742	-0.0123231
1.11796	0.150644
0.407387	-0.275482
0.102269	-0.301368
-0.13781	-0.311279
-0.140554	-0.307167
-0.083409	-0.514815
0.0922036	-0.413986
0.464498	-0.173816
0.729819	-0.0114103
0.722915	-0.100719
0.851556	-0.210553
1.02814	-0.349611
1.26808	-0.502113
1.31005	-0.367965
1.35336	-0.0165789
1.49363	-0.208868
1.64504	-0.413007
1.57671	-0.342084
1.30503	-0.223797
0.343599	-0.555592
0.184161	-0.652328
0.0593123	-0.826438
0.168666	-0.853999
0.227473	-0.925936
0.236589	-0.89729
0.240863	-0.793741
0.389454	-0.734169
0.47423	-0.667752
1.1154	-0.540083
1.81226	-0.180118
1.98387	0.00319681
1.83267	0.120514
1.52457	0.135141
1.92336	0.00771762
2.15423	-0.146898
2.08399	-0.194983
2.02888	-0.116961
1.82125	0.0737075
1.90583	0.0345735
1.78867	0.0126131
1.5355	0.156976
1.26067	0.374254
1.80016	0.112085
1.734	0.120952
1.71806	0.0465457
1.27379	0.385018
1.27351	0.248078
1.28118	-0.0179794
1.0112	-0.111953
0.944095	-0.0749855
0.939781	0.00974462
1.03339	-0.0756411
1.16386	-0.105004
1.22368	-0.143754
1.30879	-0.216347
1.07296	0.0231878
1.01108	0.109759
0.772707	0.204837
0.549457	0.302027
0.47392	0.329384
0.863061	-0.0248461
0.909348	-0.0501339
0.931075	-0.0419561
0.92856	-0.0450543
0.876698	0.00144771
0.955578	-0.0442136
0.880468	-0.174649
0.954027	-0.146723
1.31241	0.00981046
1.27089	-0.0131203
1.57881	0.191613
1.8308	0.295141
1.31937	0.371978
1.01379	0.271725
1.73941	0.250084
1.80651	0.148535
1.78825	0.118308
1.68468	0.165177
1.85194	-0.0924128
1.80449	-0.265765
1.42455	-0.209456
1.33256	-0.241311
1.28008	-0.154175
1.55599	-0.284631
1.50296	-0.249651
1.47266	-0.343069
1.27637	-0.189603
1.03051	-0.280802
1.45741	-0.524046
1.43126	-0.540483
1.45002	-0.656098
1.30214	-0.476103
1.36631	-0.776333
1.3576	-0.808499
1.17889	-0.705221
1.02127	-0.645491
1.00413	-0.632811
0.92087	-0.56443
1.13826	-0.456329
1.25713	-0.0922978
1.12	0.039623
1.14534	0.19286
1.24295	0.0912115
1.4426	0.0164171
1.15512	0.257304
0.97155	0.199792
1.19424	-0.0263419
1.33495	-0.0788695
1.16508	-0.0547913
1.10081	0.157044
0.826697	-0.0617682
0.788326	-0.218339
0.758454	-0.336553
0.599236	-0.265301
0.206708	-0.319361
0.646384	-0.474672
0.793729	-0.612262
0.7561	-0.692323
0.813002	-0.707331
0.841967	-0.403018
0.801145	-0.570181
0.802888	-0.64055
0.741337	-0.764488
0.428843	-0.684428
0.451837	-0.591281
0.573534	-0.645683
0.612612	-0.628187
0.586673	-0.817648
0.494484	-0.604332
0.594734	-0.704214
0.606671	-0.748724
0.504971	-0.694117
0.501398	-0.595508
0.772129	-0.771006
0.664701	-0.661558
0.415565	-0.577054
0.645707	-0.743107
0.711836	-0.843566
0.942941	-0.648458
1.12864	-0.358156
1.56488	0.149751
1.70023	0.0558245
1.64334	-0.0145282
1.63716	0.0608178
1.32737	0.359105
1.37725	0.202576
1.55761	-0.347415
1.40294	-0.339656
1.27736	0.232309
1.02201	0.570206
1.38521	0.445543
1.48472	0.438366
1.61277	0.494707
1.48169	0.444161
1.4769	0.442807
1.81653	0.569137
1.85874	0.562936
1.90318	0.602943
1.43477	0.533968
1.40741	0.493054
1.87835	0.668736
1.93879	0.467895
1.61276	0.432369
1.46074	0.375904
1.84825	0.4261
1.61463	0.479922
1.66802	0.37467
1.66916	0.427492
1.71657	0.18975
1.44047	0.368918
1.27186	0.256117
1.37342	0.0469462
1.2234	-0.137075
1.15915	-0.248398
1.2233	-0.350205
1.24418	-0.380106
1.0306	-0.419957
1.04806	-0.446483
1.12279	-0.599542
1.35989	-0.481869
1.35576	-0.532186
0.777881	-0.642581
0.448041	-0.727308
0.631676	-0.622988
0.744349	-0.505222
0.8363	-0.484434
0.942587	-0.31415
1.16325	-0.25001
1.29945	-0.0721409
1.31742	-0.110381
1.0846	-0.0298679
0.458624	-0.314106
-0.175271	-0.387582
-0.544472	-0.442677
-0.5633	-0.473622
0.0796801	-0.228468
0.615933	-0.121405
1.16422	-0.132712
1.32366	-0.242657
0.811504	-0.170107
1.30069	0.0108304
1.81723	0.0206952
1.9041	0.111732
1.66949	-0.00567425
0.995269	-0.573725
0.450218	-0.801411
0.182553	-0.93448
0.105753	-0.920008
0.080927	-0.731345
-0.0111401	-0.735641
-0.0548495	-0.849222
0.228074	-0.654953
0.711907	-0.365721
1.60616	0.110774
1.68766	0.280212
1.7076	0.229598
1.73555	0.144377
1.58778	0.135923
1.28475	0.0799186
1.62683	0.0542143
1.82768	-0.0840317
1.8726	-0.0921956
1.76774	-0.00607877
1.67651	0.0808558
1.75487	0.141857
1.42797	0.266935
1.72331	0.3065
0.786395	-0.0672844
0.98847	0.140948
1.3244	0.455433
1.55464	0.378321
1.31754	0.304754
1.31182	0.301418
1.46036	0.11933
1.48058	-0.00502708
1.36531	0.00834718
1.1868	0.211071
1.24455	0.118062
1.52625	0.131934
1.84402	0.0707281
1.7622	0.19876
1.6182	0.275255
1.45817	0.268966
0.635417	-0.305036
-0.130668	-0.575482
-0.20732	-0.56707
-0.42585	-0.62037
-0.388427	-0.741152
-0.075417	-0.532624
0.175323	-0.427609
0.352849	-0.643059
0.494225	-0.617814
0.536677	-0.574702
0.486137	-0.390101
0.501461	-0.248991
1.17343	-0.146517
1.42251	-0.155762
1.57376	-0.00804157
1.49807	0.0248327
1.81219	0.152319
1.99076	0.162622
2.1604	0.14298
1.90421	0.227469
1.77203	0.438188
1.56061	-0.0843857
1.3944	-0.109796
0.908148	-0.215892
0.5166	-0.398078
0.383773	-0.447167
0.157113	-0.540618
0.051878	-0.726835
0.109128	-0.795316
0.00631484	-0.863732
0.0562893	-0.863813
0.583952	-0.691887
1.61851	-0.287938
1.63424	-0.141925
1.4915	-0.104892
2.00102	-0.438767
2.15514	-0.573045
2.023	-0.542757
1.88789	-0.476561
1.66117	-0.609034
1.80323	-0.654338
1.91625	-0.594279
1.97308	-0.350141
2.00154	-0.274317
1.86708	-0.373815
1.70809	-0.32915
1.78001	-0.345106
1.027	-0.0119791
0.843947	-0.0131934
1.55649	-0.216671
1.51754	-0.182035
1.38155	-0.317411
1.33561	-0.0475304
1.20476	-0.314069
1.29517	-0.135372
1.33086	-0.268075
1.14569	-0.293556
1.12026	-0.313759
1.07385	-0.360401
1.01523	-0.371543
0.930124	-0.396295
0.657822	-0.51841
0.748184	-0.496989
0.847649	-0.657855
0.841805	-0.759866
0.771176	-0.779631
0.649849	-0.775632
0.744913	-0.747196
0.767436	-0.715448
0.659574	-0.756859
0.575696	-0.780876
0.470846	-0.743635
0.893331	-0.432419
1.14185	-0.174553
1.47246	0.0225645
1.48176	0.240141
1.41807	0.339212
1.65462	0.0303491
1.3669	-0.265489
1.25248	-0.397887
0.850852	-0.0737499
1.19407	0.246573
1.51631	0.240917
1.51785	0.347992
1.47713	0.481135
1.53097	0.659694
1.61428	0.562559
1.48686	0.742171
1.44039	0.757642
1.42007	0.716469
1.38615	0.631885
1.55212	0.708567
1.51655	0.645376
1.25177	0.492186
1.18861	0.475076
1.34437	0.349914
1.36252	0.245947
1.30808	0.229242
1.4178	0.157969
1.32483	-0.0539783
1.36814	-0.00353929
1.4197	0.0815881
1.48455	0.160657
1.3267	0.318324
1.69366	0.258559
1.63505	0.176021
1.41556	0.209261
1.21881	0.24443
1.09759	0.360713
1.19143	0.264741
1.15852	0.0729831
1.02407	-0.277863
0.946889	-0.402633
1.04443	-0.135871
1.25499	-0.163546
1.34626	-0.191732
1.31251	-0.257002
1.20547	-0.250927
1.15944	-0.285492
1.24223	-0.31873
1.45337	-0.360113
1.7555	-0.196941
1.9959	-0.0317408
1.87847	0.124453
1.79965	0.199194
1.77493	0.0787837
1.04819	0.388572
1.21243	0.245844
1.98325	-0.0171866
1.79119	-0.273676
1.75733	-0.369307
1.60748	-0.586024
1.89967	-0.72003
2.00369	-0.779696
1.76035	-0.60907
1.2663	-0.38494
1.57128	-0.343909
1.64801	-0.522115
1.44567	-0.421188
1.33499	-0.374302
1.47712	-0.430925
1.32796	-0.359619
1.28661	-0.266661
1.30109	-0.239925
1.2327	-0.175711
1.24296	-0.202363
1.19975	-0.178307
1.27242	-0.107419
1.42016	-0.193371
1.17195	-0.242888
1.00924	-0.255509
1.03511	-0.236377
1.33254	-0.224208
1.432	-0.042856
1.50063	-0.222938
1.71376	-0.33852
1.87027	-0.439012
1.62011	-0.207699
1.35016	-0.0328832
2.09087	-0.231913
2.02887	-0.149252
1.90201	-0.065825
1.79364	0.125844
1.61722	0.216687
1.86087	-0.0615221
1.88103	-0.206455
1.76818	-0.261723
1.28089	0.040268
1.29715	-0.0323739
1.56545	-0.201962
1.43995	-0.212017
1.31856	-0.103095
1.21643	-0.0634253
1.36761	0.0750282
1.4537	0.0435869
1.37914	0.0535597
1.39245	0.102468
1.17739	0.126108
1.17201	-0.0011683
1.17964	-0.198528
1.03256	-0.326498
0.795646	-0.386498
0.763692	-0.631534
0.719087	-0.567628
0.777988	-0.552175
0.892664	-0.693971
0.564887	-0.854617
0.591634	-0.835921
0.554297	-0.793279
0.595722	-0.672474
0.755438	-0.913739
0.54941	-0.83508
0.339027	-0.599677
0.080171	-0.553778
0.333986	-0.601009
0.437882	-0.644356
0.203981	-0.479511
1.03289	-0.13894
1.30818	0.152747
1.79042	0.508554
1.70053	0.551109
1.24017	0.330793
1.35952	0.42664
1.41815	0.521279
1.45455	0.540837
1.51844	0.511131
1.42723	0.569272
1.44065	0.481486
1.72091	0.292118
1.57298	0.240566
1.46629	0.24383
1.37703	0.0602586
1.50778	0.0634716
1.38033	-0.186229
1.0385	-0.379388
0.569478	-0.449301
0.41122	-0.404822
0.55435	-0.231362
0.965493	0.1026
1.04805	0.412229
1.17431	0.467761
1.33769	0.278802
1.32298	0.371987
1.55043	0.295604
1.8108	0.248556
1.9734	0.221993
2.14385	-0.124627
1.91101	-0.624918
1.66729	-0.339218
1.58745	-0.0469333
1.75119	-0.0653973
1.89207	-0.181434
1.63298	0.0120981
1.37961	-0.286492
1.7395	-0.155349
1.82545	0.105764
1.7695	0.19497
1.74827	0.24553
1.51281	0.286304
1.41414	0.237744
1.58407	0.204505
1.60413	0.185156
1.51413	-0.0278076
1.33052	-0.106033
1.37979	-0.126854
1.05296	-0.0764322
0.49382	-0.123998
0.257902	-0.171468
-0.00264071	-0.362265
-0.136057	-0.316988
-0.154064	-0.461538
0.0789164	-0.436391
0.172634	-0.5985
0.0552538	-0.635939
0.0335018	-0.632773
0.123135	-0.645373
0.398427	-0.477235
1.22663	-0.0713119
1.52309	0.0260351
1.57996	0.0685437
1.47961	0.0420253
1.09923	0.210521
1.04939	0.213579
0.962524	0.205895
0.807174	0.255805
0.770684	0.300423
0.391293	0.125159
0.28979	0.22363
0.0423809	0.189007
-0.125682	0.156627
-0.0472262	0.193951
0.0405221	0.0225688
0.209211	-0.0923295
0.345592	0.0261583
0.640563	-0.0182154
0.846865	0.0633981
1.00411	-0.0693697
1.30329	-0.293591
1.15465	-0.272033
1.17115	-0.120359
1.70887	-0.20921
1.96347	-0.23138
2.01959	-0.0450865
1.53518	0.411367
1.44673	0.29931
1.84299	-0.0263696
1.76894	-0.168438
1.5547	-0.208794
1.09942	0.203546
1.06947	-0.111926
1.33614	-0.427973
1.40248	-0.479037
1.46983	-0.388424
1.04292	0.0591004
1.12835	-0.0938174
1.63706	-0.424559
1.56984	-0.335555
1.30158	-0.381912
1.38792	-0.610726
1.48023	-0.550203
1.53341	-0.374325
1.56314	-0.402704
0.986334	-0.0749783
1.26049	-0.167098
1.63118	-0.140658
1.54263	-0.0191062
1.48315	0.0889996
1.413	0.179427
1.50754	0.268153
1.8047	0.321566
1.84974	0.5021
1.5604	0.501171
1.81228	0.72786
1.90062	0.593052
1.91573	0.525888
1.84524	0.589066
1.34549	0.554895
1.59179	0.524495
1.72275	0.451211
1.86465	0.210294
1.75394	-0.00936422
1.34462	-0.104375
1.21175	-0.158738
0.989609	-0.171646
1.08515	-0.404944
1.46493	-1.02371
1.36311	-1.0682
1.34106	-0.876225
1.41758	-0.385802
1.23229	-0.326374
1.71443	-0.410597
1.67631	-0.454778
1.69723	-0.427633
1.48936	-0.349014
1.12318	-0.0476331
1.1997	-0.24336
1.84249	-0.503647
1.98945	-0.452014
1.77983	-0.177595
1.39335	-0.287052
1.26356	-0.605265
1.02526	-0.865566
1.17472	-0.735566
1.17217	-0.53628
1.32379	-0.512902
1.61074	-0.551277
1.69528	-0.484971
1.46959	-0.376661
1.18738	-0.494834
1.2643	-0.415609
1.04823	-0.327142
0.661531	-0.0155468
0.259478	0.223064
-0.512439	-0.143817
-0.39159	-0.333065
-0.261245	-0.479565
-0.0799756	-0.488283
-0.0244156	-0.62822
0.102324	-0.782742
0.0218304	-0.859083
0.0385419	-0.790147
0.0885214	-0.776604
0.729505	-0.648639
1.24053	-0.355229
1.56262	-0.236602
1.68004	-0.272897
1.55424	-0.436423
1.68172	-0.276873
1.66878	-0.284683
1.63965	-0.289665
1.59962	-0.108991
1.47064	-0.418583
1.57488	-0.27156
1.66882	-0.264216
1.71677	-0.351507
1.18608	-0.185182
1.42721	-0.193752
1.62777	-0.345527
1.55359	-0.328348
1.5937	-0.284361
1.51273	-0.42507
1.59935	-0.331437
1.41735	-0.252201
1.31294	-0.238683
1.019	-0.253916
0.934249	-0.0192928
0.775968	0.081697
0.572809	0.0048916
0.442366	-0.188329
0.358932	-0.311081
0.403956	-0.423731
0.50751	-0.510693
0.795229	-0.470438
0.925799	-0.295621
1.52739	-0.159882
1.60899	0.0047026
1.65974	0.0913528
1.82412	0.0607233
1.6205	0.260581
1.91205	0.134938
2.21306	-0.147403
2.07196	-0.136695
1.48504	0.14715
1.52365	0.0421993
1.94615	-0.0691762
2.17986	-0.0788826
2.18521	0.0220869
1.59625	0.252946
1.17489	0.222151
1.70978	0.0634292
1.62087	0.0508276
1.55087	0.0984795
0.94243	-0.63981
1.1682	-0.505112
1.76181	-0.100435
1.94121	0.258022
1.63884	0.386594
1.85895	0.370996
2.04698	0.265338
2.03882	0.31294
1.7187	0.489188
1.40879	0.423291
1.95136	0.485063
2.01667	0.517068
1.99531	0.446801
1.70851	0.580872
1.65228	0.520952
1.93958	0.35713
1.91324	0.0949818
1.5878	-0.180594
1.33398	-0.198456
1.35819	-0.132176
1.06083	-0.313757
0.8664	-0.532268
1.06767	-0.406296
1.22081	-0.226593
1.75589	-0.00588112
1.87087	0.158004
1.80412	0.16084
1.49588	0.420625
1.57046	0.299705
1.74562	0.241194
1.8532	0.0973158
1.53246	0.141262
1.31166	0.0775896
1.53306	0.103235
1.7048	0.210541
1.80943	0.501187
1.66844	0.579143
1.86058	0.376001
1.7643	0.513416
1.85474	0.593632
1.84254	0.604257
1.50614	0.549401
1.90806	0.638753
1.86676	0.609231
1.89729	0.632961
1.29937	0.702121
1.30869	0.484304
1.72678	0.512324
1.83197	0.51356
1.80874	0.455462
1.78434	0.31346
1.65327	0.181719
1.43569	-0.00430624
1.09014	-0.356774
0.930002	-0.398932
0.717029	-0.402753
0.671969	-0.423071
0.907886	-0.312599
0.866006	-0.368668
0.800176	-0.615513
0.847729	-0.619568
0.765371	-0.700264
0.727004	-0.717927
0.709258	-0.596483
0.492677	-0.730219
0.506082	-0.746131
0.398422	-0.849334
0.479231	-0.80203
0.639221	-0.710042
0.7352	-0.815638
0.645299	-0.809952
0.619875	-0.728198
0.546933	-0.759899
0.415403	-0.723167
0.513843	-0.794187
0.534553	-0.784184
0.449761	-0.745902
0.538581	-0.703219
0.48478	-0.611135
0.680104	-0.595078
1.00611	-0.415163
1.07842	-0.46059
1.7396	0.0961407
1.88967	0.718651
1.83934	0.652928
1.82006	0.463269
1.61183	0.415626
1.6072	0.350655
1.65027	0.42409
1.54734	0.470892
1.51672	0.483965
1.58383	0.432163
1.5876	0.444073
1.71412	0.380717
1.77923	0.243775
1.59111	0.168819
1.24883	-0.159404
0.855089	-0.336771
1.11953	-0.115316
1.22159	0.0909263
1.24491	0.00329117
1.44623	-0.0544296
1.37327	-0.0702278
1.32651	-0.0959543
1.33555	-0.0875301
1.26232	-0.0512489
1.355	0.0196848
1.3438	0.29409
1.54145	0.354426
1.22141	0.129898
1.58992	0.113394
1.72196	0.037961
1.72021	-0.288051
1.73398	-0.423438
1.68509	-0.367684
1.93304	-0.458659
1.92637	-0.528084
1.82349	-0.547446
1.77186	-0.51813
1.81405	-0.542645
1.94253	-0.502341
2.09478	-0.409958
1.86477	-0.170226
1.40961	0.0302549
1.40988	-0.0443604
1.55537	-0.120213
1.62235	-0.0933819
1.30816	0.0662264
1.40044	0.138106
1.63611	-0.284376
1.40665	-0.452663
1.03211	-0.24896
0.986965	-0.170926
1.05697	-0.154818
0.997303	-0.236941
1.08606	-0.248246
1.0205	-0.10333
0.81632	-0.03214
1.00934	-0.0171501
0.949482	0.120585
0.728564	0.0392119
0.716423	-0.104058
0.813669	-0.0696649
0.917525	-0.073823
1.11684	0.0118418
1.26335	-0.0397974
1.20774	-0.121431
1.38587	-0.172984
1.55244	-0.159317
1.58503	-0.137526
1.5335	-0.114068
1.38806	0.0322658
1.42155	-0.0210512
1.27473	-0.13227
1.135	-0.273892
0.891961	0.0577033
1.18201	0.296834
1.63724	-0.143644
1.55805	-0.173466
1.44021	-0.141863
1.26966	-0.0586821
1.35825	-0.0055328
1.47932	-0.0461674
1.37702	0.0781252
1.33019	0.29706
1.21602	0.251796
1.23163	0.166651
1.20302	-0.00113646
1.01306	-0.0354856
0.892058	0.0948134
1.15543	-0.123621
1.19616	-0.164544
1.3673	-0.14417
1.29981	0.14355
1.40681	0.0383842
1.34506	-0.146697
1.27214	-0.274924
1.0535	-0.2239
0.858865	-0.159311
1.29968	-0.32319
1.45849	-0.146352
1.70602	-0.166449
1.504	-0.038168
1.15667	0.0342615
1.72065	0.0787637
1.87603	0.0165676
1.76019	-0.098094
1.60462	0.0625394
1.52128	-0.133217
1.49393	-0.161758
1.57973	-0.13382
1.20421	-0.0813998
0.944844	-0.0894325
1.71196	-0.0311352
1.69418	-0.204874
1.46856	-0.328464
1.64696	-0.368893
1.54017	-0.263728
1.48186	-0.426903
1.39775	-0.428157
1.00026	-0.454793
0.582859	-0.529991
0.781265	-0.604522
1.15827	-0.442857
1.20546	-0.331249
1.04947	-0.293266
0.8456	-0.610693
0.811435	-0.645329
0.643312	-0.708176
0.533572	-0.663795
0.410874	-0.714531
0.548453	-0.559676
1.47923	0.0442544
1.58869	0.467982
1.51361	0.512886
1.61965	0.616244
1.8683	0.692289
1.95193	0.597139
1.99029	0.351144
1.56476	0.0669704
1.40723	-0.025128
1.79623	-0.0697649
1.76459	-0.0370963
1.40815	0.147586
1.39017	0.207063
1.74893	0.0183807
1.833	-0.048234
1.71612	-0.12374
1.42341	0.045689
1.83671	-0.0754246
2.20423	-0.464597
2.10698	-0.528395
1.65893	-0.381551
1.39898	-0.353699
1.70245	-0.606633
1.91048	-0.743422
1.5528	-0.575108
1.34254	-0.519949
1.69821	-0.643574
1.55377	-0.525112
1.48223	-0.309005
1.61643	-0.293815
1.47145	-0.113259
1.44341	-0.0868431
1.5034	-0.156522
1.50281	-0.200738
1.41841	-0.0253872
1.20882	0.0595611
1.46321	-0.115584
1.44779	-0.0584582
1.31841	0.0484648
0.853147	0.192664
1.22155	0.00057735
1.19306	-0.200112
0.817246	-0.214594
0.463887	-0.224377
0.264706	-0.512634
0.181908	-0.568116
-0.325422	-0.698308
-0.723714	-0.940926
-0.37816	-0.642937
-0.486429	-0.735843
-0.764134	-0.945865
-0.698534	-0.960352
-0.569133	-0.870047
-0.300317	-0.733796
-0.148144	-0.914168
-0.0391674	-0.993523
0.0861502	-0.81116
0.192448	-0.62481
0.586311	-0.715922
0.700833	-0.591066
0.863766	-0.525506
0.97799	-0.461661
0.878525	-0.514491
0.93367	-0.642143
1.02336	-0.624325
1.10428	-0.605694
1.06675	-0.705953
1.00701	-0.676834
0.921486	-0.740055
0.775393	-0.653039
0.908229	-0.775243
0.626243	-0.534199
0.556301	-0.840893
0.669546	-0.869038
0.694663	-0.847321
0.705143	-0.778724
0.694534	-0.555573
0.729642	-0.721033
0.746886	-0.869041
0.699289	-0.734861
0.525445	-0.643166
0.562631	-0.478156
0.766043	-0.739539
0.85943	-0.844496
0.805255	-0.810512
0.714319	-0.678757
0.449501	-0.965699
0.27119	-0.913512
0.419783	-0.81707
0.490458	-0.794813
0.675026	-1.73298
0.759282	-1.61012
0.73297	-1.45828
1.2017	-0.983419
1.45481	-0.733081
1.55829	-0.652511
1.15211	-0.283416
1.09104	-0.145322
1.91171	-0.66772
1.94054	-0.607984
1.84676	-0.50285
1.24546	-0.0596617
1.12376	0.16609
1.79479	-0.112489
2.14932	-0.190286
1.94038	0.191708
1.57124	0.4787
2.0615	0.282383
2.09618	0.258754
1.98253	0.271887
1.58831	0.306822
1.3113	0.429186
1.65698	0.207043
1.72591	0.0231383
1.59575	0.0288036
1.41155	0.0353253
1.10479	-0.330761
1.08269	-0.427863
1.3565	-0.13444
1.41156	0.347293
1.33906	0.406841
1.36415	0.456554
1.48541	0.496906
1.34881	0.461005
1.16308	0.483756
1.40494	0.702033
1.55639	0.708006
1.64246	0.697233
1.55783	0.670573
1.30922	0.50384
1.40648	0.674579
1.35642	0.638382
1.14271	0.406314
0.916609	0.182685
1.00639	-0.307809
0.985111	-0.352575
0.826464	-0.0965186
0.729363	-0.0514443
0.566525	-0.196794
0.491085	-0.327277
0.597549	-0.288888
1.08249	-0.0522228
1.34962	0.171055
1.44137	0.302414
1.61588	0.496592
1.77857	0.535688
1.6553	0.616975
1.20758	0.420083
1.34104	0.678875
1.41601	0.767027
1.39198	0.718786
1.32198	0.641582
1.3581	0.537695
1.21715	0.628906
1.1484	0.575581
1.04055	0.561274
0.910698	0.555189
1.03915	0.467287
0.655554	0.501033
0.450612	0.440155
0.303301	0.47203
-0.000408149	0.270337
-0.0263226	0.0940043
-0.27028	-0.0548256
-0.534385	-0.0329705
-0.667413	-0.0675176
-0.691205	-0.046222
-0.635859	-0.0433094
-0.190062	0.209643
0.519227	0.368985
0.94285	0.472303
1.3531	0.39706
1.51781	0.324355
1.48716	0.248697
1.47241	0.212433
1.40231	0.349444
1.43919	0.284085
1.51502	0.263449
1.52377	0.285755
1.3796	0.0965883
1.51109	0.0394725
1.62479	0.00442568
1.70937	-0.0498379
1.60872	0.0133382
1.49772	0.00648096
1.53535	-0.0373884
1.48273	-0.0229282
1.39158	0.010544
1.14502	0.0651397
1.14663	-0.0645358
1.6356	-0.0657068
1.68549	-0.00743956
1.36107	0.0636475
1.18801	-0.0153433
1.2722	-0.155065
1.19726	-0.439262
1.21871	-1.20314
0.973796	-0.907682
0.959436	-1.28458
0.999919	-0.945493
1.17145	-0.554356
1.52878	-0.0436197
1.61957	0.132254
1.99612	-0.0867334
1.97519	0.0445207
1.96223	0.208354
1.97929	0.193695
1.79271	0.262667
1.80925	0.352116
2.05339	0.132096
1.92502	0.148993
1.00558	0.346465
1.171	0.218396
1.90787	-0.280588
1.50896	-0.33685
0.983533	-0.146899
-0.0279843	-0.198071
-0.164112	-0.0264266
-0.247775	-0.06551
-0.285305	0.0412899
-0.38478	0.104633
0.16929	0.114805
0.573787	0.488836
1.2077	0.387632
1.44715	0.232142
1.46377	0.145479
1.46239	0.23838
1.47323	0.142279
1.39313	0.0776941
1.33606	0.202856
1.31552	0.0995884
1.46075	-0.0784945
1.55018	-0.198237
1.46887	-0.238598
1.41738	-0.234625
1.22355	-0.109621
1.2451	-0.00210235
1.38289	0.105104
1.60713	0.207425
1.64199	0.196242
1.55036	0.0831706
1.52159	0.0650653
1.39293	0.121873
1.24409	0.0784565
1.51312	0.14373
1.37048	-0.00174294
1.22491	-0.0121243
1.24328	-0.172554
1.34864	-0.152353
1.39082	-0.185199
1.21961	-0.141156
1.11197	-0.303727
0.980168	-0.271697
1.06111	-0.37756
0.994076	-0.365671
0.771793	-0.457918
0.653009	-0.611134
1.2412	-0.247518
1.4805	-0.298876
1.78584	-0.247331
1.61636	-0.172559
1.43676	-0.121918
1.83216	-0.293008
1.82129	-0.378163
1.79221	-0.407281
1.76194	-0.393371
1.6402	-0.49509
1.60261	-0.524847
1.65189	-0.670742
1.36361	-0.42572
1.08616	-0.22619
0.97267	-0.391918
1.10211	-0.423197
1.1902	-0.352241
1.42218	-0.290035
1.54722	-0.351891
1.37258	-0.433116
1.36511	-0.402165
1.31741	-0.429057
0.973522	-0.167646
0.964758	-0.00913457
1.4661	-0.354663
1.37312	-0.270319
1.36464	-0.177779
1.31378	0.0655009
1.34964	-0.105723
1.1158	-0.12252
0.427379	-0.121298
0.199932	-0.264523
-0.0444871	-0.33493
-0.196042	-0.278221
-0.310883	-0.243197
-0.69956	-0.367908
-0.871485	-0.366071
-0.910994	-0.6471
-0.917389	-0.669261
-0.786727	-0.745657
-0.414314	-0.870588
-0.387955	-0.855588
-0.458303	-0.787234
-0.201985	-0.600737
-0.145615	-0.575252
-0.0982169	-0.676653
-0.193532	-0.60457
-0.0258231	-0.568765
0.201331	-0.686702
0.503576	-0.811957
0.588113	-0.588396
0.724949	-0.555115
0.873351	-0.537685
0.963789	-0.519855
0.954639	-0.476137
0.952378	-0.541622
0.994461	-0.51918
0.957997	-0.551425
0.890274	-0.603234
0.841057	-0.465816
0.731167	-0.487408
0.824344	-0.625209
0.908918	-0.656481
1.26986	0.0622184
1.46973	0.308688
1.12587	0.322347
1.15923	0.400719
1.99999	0.454603
2.07332	0.299694
2.00318	0.00842219
1.44056	0.278656
1.84485	-0.0524334
2.05071	-0.0888628
1.70739	0.202235
1.50709	0.360005
1.35936	0.343827
1.43058	0.507918
1.36588	0.890661
1.32846	1.15314
1.25923	1.14986
1.35457	1.16172
1.22235	0.996246
1.13469	0.652624
1.19884	0.525354
1.49148	0.51461
1.2919	0.453676
0.843785	0.328428
0.360022	0.106539
0.238661	-0.0135752
-0.0867072	-0.360594
-0.0752964	-0.431291
0.0414732	-0.506331
-0.0526183	-0.449775
-0.090068	-0.413507
0.157332	-0.49048
0.122819	-0.428756
0.183534	-0.344204
0.343016	-0.173679
1.28857	0.17144
1.32061	0.198196
1.22851	0.196291
1.18385	0.220492
1.20025	0.265514
1.31892	0.0519068
1.57915	-0.166587
1.7469	-0.168909
1.65703	0.051612
1.67346	0.303303
1.91614	0.122217
2.03567	0.155448
1.51058	0.245914
1.23222	0.305307
1.60811	0.07258
1.48299	-0.0383049
1.52023	-0.0518833
1.38186	-0.0639968
1.55987	0.0585565
1.36549	-0.128905
1.30482	-0.209643
1.47002	0.0543716
1.35465	0.282951
1.9159	0.197447
2.24316	0.222729
2.27299	0.345635
2.10366	0.514837
1.93861	0.490314
2.08772	0.385765
2.27824	0.259727
1.76881	0.452094
1.53665	0.437881
2.14706	0.210132
2.15734	0.209426
2.37123	0.324387
2.20805	0.585921
1.26488	0.382244
1.61373	0.469455
2.32085	0.351204
2.0025	0.303549
1.66993	0.406633
1.73602	0.356658
1.88974	0.204474
1.74004	0.0294234
1.65287	-0.0349795
1.82351	0.0203008
1.87527	-0.066289
1.9177	-0.245592
1.75517	-0.268463
1.15929	-0.105504
1.0238	-0.0087615
1.50945	-0.214414
1.68207	-0.238902
1.83677	-0.214749
1.70614	0.016043
1.82538	0.120523
1.75804	0.218456
1.83639	0.244397
1.43269	0.35755
1.23082	0.309358
1.95735	0.35033
1.7909	0.360688
1.78715	0.27291
1.56434	0.332407
1.4547	0.248283
1.4197	0.142011
1.33468	-0.0910001
1.31358	-0.257606
1.15191	-0.208955
1.18641	-0.26294
1.21666	-0.4552
1.1143	-0.409196
1.07986	-0.332306
0.942599	-0.331057
0.832342	-0.325416
0.746976	-0.399096
0.589559	-0.464847
0.34485	-0.440971
0.708508	-0.624924
0.879251	-0.643385
1.08781	-0.757842
1.07845	-0.781842
0.670211	-0.737923
1.04562	-0.591766
1.32554	-0.56472
1.22404	-0.355247
1.08342	-0.0560278
1.33388	-0.099662
1.48015	-0.0209643
1.44974	0.0466253
1.55535	0.205936
1.35568	0.334248
1.34679	0.3507
1.01824	0.330565
0.417175	0.160759
-0.109553	-0.0323816
0.0600225	-0.486946
-0.0147007	-0.670753
-0.11024	-0.808068
0.0386082	-0.785699
0.483425	-0.760192
0.56535	-0.870056
0.859595	-0.915538
0.300649	-0.482324
0.306428	-0.346195
0.605238	-0.559707
0.791387	-0.783009
1.20856	-1.42515
0.798863	-1.12177
0.583783	-0.613163
1.10163	-1.30697
1.46057	-0.712356
1.91906	-0.464671
1.3419	-0.000572284
1.29388	0.12125
1.99425	-0.0524584
2.21066	0.125671
1.90003	0.0770814
1.06425	0.217213
1.27051	0.0953657
1.81827	-0.150849
1.87932	-0.184076
1.79878	-0.265198
1.6889	0.274152
2.02532	0.0632069
2.03945	-0.32114
1.83229	-0.440147
1.18581	-0.227785
1.28514	-0.315552
1.42885	-0.488028
1.09094	-0.363019
0.802825	-0.139506
0.91034	-0.0351863
0.792871	-0.0888298
0.649614	-0.0738257
0.57618	0.011652
0.677778	0.0862911
0.614066	0.207713
0.533633	0.153027
0.710829	-0.0148105
0.914082	-0.177264
0.882152	0.0231905
1.23862	-0.0758089
1.64661	0.05988
1.863	0.29198
1.2146	0.524891
1.15639	0.552227
1.90293	0.229036
1.88646	0.173122
1.63824	0.29236
1.15287	0.461705
1.1424	0.395007
1.36242	0.0712777
1.2743	-0.305429
1.0098	-0.519331
0.662039	-0.606891
0.774303	-0.543764
0.676575	-0.417476
0.582491	-0.266374
0.563687	-0.127894
0.896715	-0.248595
0.794831	0.000690395
0.615546	0.0205735
0.733751	0.0508285
0.861104	-0.0942135
0.825824	-0.164836
0.868422	-0.23086
1.06688	-0.240003
1.00684	-0.247629
1.25264	-0.117267
1.66898	-0.0276086
1.83493	0.149822
1.83268	0.102536
1.32441	0.147849
1.68582	0.202967
1.92765	0.22146
1.95943	0.187001
1.9559	0.249048
1.9841	0.228354
1.86046	0.326514
1.80103	0.24807
1.67598	0.178243
1.51896	0.24708
1.54135	0.0556382
1.5666	0.152528
1.46287	0.2497
1.4622	0.304417
1.43061	0.394366
1.61212	0.00419899
1.30403	-0.156519
1.08322	-0.19519
0.385005	-0.283881
0.280188	-0.443909
0.441115	-0.399842
0.686597	-0.358231
0.898254	-0.526245
0.757819	-0.709266
0.854162	-0.711961
0.916023	-0.808306
0.764555	-0.728291
1.15487	-1.44693
1.06431	-1.38507
1.08414	-1.1562
1.46949	-0.707959
1.59763	-0.363747
1.5766	-0.122891
1.74357	-0.35077
1.95709	-0.460559
1.97913	-0.427612
1.69878	-0.11163
1.4324	0.126599
1.86776	-0.0315664
2.11451	-0.0264932
1.91017	0.19134
1.35393	0.398044
1.39964	0.325977
1.72763	0.100799
1.70875	0.0869737
1.73807	0.0788845
1.62154	0.0751644
1.40693	0.0446489
0.870647	-0.0878873
0.825125	-0.168408
0.724946	-0.0274335
0.924232	-0.0643163
0.987675	-0.108061
1.16416	-0.165691
1.31103	-0.190283
1.24819	-0.146617
1.18617	-0.145854
1.1568	-0.247046
0.784762	-0.240167
0.404292	-0.186655
-0.477074	-0.213165
-0.496729	-0.288978
-0.643699	-0.489211
-0.609144	-0.633413
-0.425918	-0.55506
-0.276263	-0.603062
0.00882392	-0.557808
0.368281	-0.466399
0.569871	-0.396592
0.649076	-0.363991
0.849672	-0.566352
0.551762	-0.648805
0.458561	-0.677531
0.745798	-0.466089
1.15491	-0.351022
1.11837	-0.333459
1.15646	-0.203155
1.086	-0.0790382
1.56626	0.133564
1.83446	-0.0990182
1.87825	-0.160247
1.53743	-0.00731944
1.28071	0.135967
1.749	-0.422481
1.40031	-0.317725
0.899158	-0.242194
0.603343	-0.176671
0.191082	-0.161132
0.0313459	-0.173027
-0.054243	-0.15138
-0.0756547	-0.0085515
0.0647899	0.0246124
0.323736	0.132913
0.441145	0.0309828
0.993504	-0.128552
1.12416	-0.222543
1.01575	-0.0216198
1.2235	-0.240305
1.32253	-0.196358
1.42404	-0.20082
1.61548	-0.228792
1.50552	0.0547274
1.66815	-0.134026
1.90125	-0.15048
1.90743	-0.0794548
1.42774	0.148241
1.76212	0.015996
2.2623	-0.00233467
1.98718	-0.0331231
1.34347	-0.203516
0.74085	-0.604362
0.442971	-0.724189
0.205388	-0.811447
0.187782	-0.892062
0.198316	-0.904984
0.507399	-0.82118
0.481916	-0.820869
0.527792	-0.957345
0.473613	-0.883658
0.335732	-0.799924
0.371235	-0.913762
0.590976	-0.817112
1.18605	-0.578403
1.55786	-0.161897
2.06813	0.255446
2.17541	0.233765
2.13234	0.256376
2.01287	0.268363
1.61098	0.202885
1.76136	0.0645859
2.13593	-0.211878
2.12995	-0.327094
1.74135	-0.0674677
1.51082	0.0734702
2.15361	-0.284942
2.00199	-0.0983199
1.74107	0.0619915
1.40562	0.059078
2.03	-0.115945
2.266	-0.251341
2.1911	-0.113457
2.0409	0.0114351
1.46013	-0.0237071
1.3526	-0.206487
1.20064	-0.461983
0.891529	-0.537535
0.669818	-0.609779
0.804328	-0.606942
0.907086	-0.709687
0.902721	-0.591756
0.808607	-0.419053
1.10435	-0.0308462
1.5261	-0.0218397
1.65851	0.136077
1.61032	0.0729319
1.22154	0.0539992
1.30503	-0.235047
1.35614	-0.223088
1.25188	0.104735
1.1525	0.0599712
0.834246	0.151194
0.93247	-0.0357119
1.00342	-0.155744
1.11627	-0.138639
1.3044	-0.0470747
1.33661	-0.272752
1.19851	-0.411365
1.07734	-0.553891
1.05197	-0.511486
0.767222	-0.352713
0.644785	-0.584616
0.699208	-0.767874
0.699534	-0.746287
0.634214	-0.830517
0.800379	-0.756063
0.759532	-0.740455
0.704956	-0.883739
0.666738	-1.00175
0.570803	-0.916397
0.598018	-0.882478
0.767846	-0.890614
0.647518	-0.835674
1.69042	5.15757e-05
1.89722	-0.0489464
1.36738	-0.0467387
1.57486	0.0169378
1.90976	-0.224187
1.9701	-0.280803
1.32171	0.00916194
0.974288	0.172682
1.51518	0.0249799
1.66676	-0.0725371
1.51824	-0.0943121
1.01347	0.0905404
0.738489	0.0738707
1.08939	0.123073
0.570113	0.0954063
0.0880197	0.0771625
-0.289148	-0.114302
-0.38498	-0.335446
-0.282338	-0.374943
-0.221038	-0.438545
-0.199938	-0.523926
-0.264381	-0.597405
-0.154669	-0.609538
-0.0673823	-0.574122
0.0299996	-0.692226
0.112172	-0.672175
0.254869	-0.857195
0.387213	-0.814139
0.399396	-0.62952
0.316654	-0.497924
1.07391	-0.201734
1.63095	-0.284626
2.0635	-0.421053
2.0485	-0.376479
1.49235	-0.147553
1.72975	-0.0223528
2.0482	-0.065034
2.44889	-0.057154
2.23329	-0.0387412
1.55771	0.0053745
1.61243	0.0106869
1.50016	0.0251209
1.67051	0.378798
1.31006	0.485558
1.69098	0.493804
2.12011	0.300938
2.1425	0.163147
1.78362	0.155481
1.20264	0.19357
1.45586	0.154182
1.78838	-0.0839311
1.74194	-0.294975
1.80071	-0.439991
1.7026	-0.149281
1.76397	-0.120358
1.91052	-0.0929968
1.84374	-0.22053
1.60379	-0.0438151
1.86674	-0.0336705
1.93426	-0.0468943
1.7583	0.180862
1.51958	0.427477
1.39144	0.684199
1.54169	0.740825
1.53671	0.679354
1.74558	0.423093
1.32091	0.410649
1.51902	0.239457
1.76021	0.143583
1.65333	0.266691
1.64081	0.309075
1.62765	0.372369
1.71373	0.404912
1.8164	0.429808
1.76294	0.364024
1.63911	0.309466
1.52473	0.26621
1.69564	0.0167582
1.95152	-0.225794
1.62229	0.0772625
1.34553	0.155628
1.92714	-0.146776
1.87008	-0.129676
1.69064	0.00233829
1.45308	0.303823
1.37353	0.450331
1.67865	0.184597
1.7667	0.254654
1.81985	0.410161
1.375	0.563155
1.47159	0.454529
1.93888	0.218307
1.7537	0.074038
1.50806	0.248403
1.19435	0.17708
1.58009	-0.0289271
1.30153	-0.180041
1.09258	-0.217298
0.99191	-0.275663
1.0067	-0.363312
0.869418	-0.60472
1.13179	-0.354685
1.52996	0.0927011
1.76848	0.461375
2.00436	0.477262
1.91261	0.490872
1.81424	0.434777
1.88043	0.588664
1.78107	0.358783
1.89846	0.166404
2.17087	-0.0304406
1.94926	0.0680104
1.10466	0.128384
1.28414	0.308759
1.44128	0.367333
1.55736	0.30303
1.70879	0.178771
1.34691	0.0765342
1.44988	-0.112082
1.28158	-0.16658
1.21178	-0.227823
0.936695	-0.415249
0.855478	-0.540918
1.13926	-0.311004
1.50029	-0.0249157
1.34599	0.102703
1.41082	0.0362924
1.78516	-0.118754
1.90541	-0.195624
1.93241	-0.0977579
1.61169	0.0101578
1.71113	0.190114
1.87362	-0.00115864
1.73578	-0.0109731
1.42922	-0.00123458
1.51433	0.251617
1.84415	0.0854174
1.78812	-0.156874
1.45109	-0.343124
1.37774	-0.301952
1.14372	-0.229169
1.04048	-0.221892
1.09396	-0.0354303
0.943248	0.252765
0.623163	0.332708
0.435574	0.182536
0.219839	0.214099
0.00184216	0.135218
-0.0672156	0.040071
-0.00253344	-0.0845975
0.019999	-0.276228
0.0339291	-0.714187
0.016527	-0.738087
0.245433	-0.645759
0.922389	-0.268599
1.43326	-0.0866906
1.44136	-0.0601409
1.49793	-0.21852
1.19008	-0.101615
1.39505	-0.140625
1.62899	-0.185008
1.67299	-0.157977
1.54204	-0.0593884
1.7087	-0.345163
1.69442	-0.329783
1.48972	-0.119625
1.32234	-0.0505405
0.997536	0.1498
1.21221	-0.0841198
1.24414	-0.181646
1.25309	-0.204183
0.856967	-0.240672
0.429316	-0.399625
0.502398	-0.335399
0.59618	-0.190315
0.788675	-0.198851
1.01973	0.28679
0.999984	-0.0484073
1.20669	-0.0952251
1.36592	-0.209751
1.46563	-0.203165
1.43997	-0.0762584
1.55826	-0.10498
1.78598	-0.169485
1.62836	-0.0160832
1.35761	0.245593
1.56239	-0.0710769
1.81361	-0.188707
1.78397	-0.103186
1.70892	-0.00171617
1.36875	0.229353
1.3947	0.162863
0.621319	-0.261252
0.338703	-0.597149
0.0616798	-0.636445
0.404138	-0.40907
0.313478	-0.0475261
0.464595	0.164924
0.828388	0.258847
1.03377	0.327719
1.31017	0.24702
1.47692	0.0782932
1.59092	-0.0522363
1.29252	0.0520447
1.26684	0.0453741
1.67515	-0.139186
1.5642	-0.183737
1.39417	-0.209229
1.29808	-0.026161
1.27341	-0.113862
1.26385	-0.0883388
1.23174	0.0262119
1.19107	0.173238
1.3323	0.232422
1.40642	0.221843
1.63969	0.0822713
1.60328	0.131483
1.24607	0.344541
1.35482	0.319105
1.64782	0.119506
1.50364	-0.0749351
1.22692	0.191381
1.2271	0.313474
1.28599	-0.0487291
0.58384	0.0103487
0.221624	-0.100437
0.0275909	-0.188552
-0.417271	-0.548226
-0.678169	-0.617672
-0.833145	-0.675996
-0.84076	-0.82174
-0.815696	-0.766438
-0.766793	-0.748399
-0.63645	-0.84815
-0.643869	-0.911928
-0.709308	-0.785472
-0.607036	-0.659567
-0.363021	-0.807156
-0.190705	-0.854883
-0.0815167	-0.705698
-0.156664	-0.499377
-0.0157936	-0.671184
0.290031	-0.74999
0.321128	-0.71873
0.438576	-0.643596
0.873179	-0.679148
0.707598	-0.692964
0.655557	-0.787131
0.751793	-0.707821
0.736084	-0.708356
0.82826	-0.660978
0.772623	-0.752297
0.677328	-0.917502
0.586197	-0.839066
0.605222	-0.817532
0.534708	-0.852663
0.749313	-0.798142
0.595738	-0.870115
0.665453	-0.782824
0.507958	-0.721823
0.60634	-0.834505
0.567217	-0.887609
0.581804	-0.8392
0.407022	-0.605239
0.530853	-0.762115
0.667709	-0.685222
0.764576	-0.333028
0.804209	-0.526953
0.679286	-0.448268
1.25273	-0.0880273
1.56151	0.214945
1.37768	0.473044
1.44588	0.395624
1.70264	0.394621
1.82914	0.434112
1.85709	0.431396
1.33527	0.497232
1.1557	0.356793
1.7294	0.281212
1.79149	0.0918394
1.49334	0.176319
1.19079	0.271653
0.968047	-0.0163979
0.774567	-0.0922038
0.863398	-0.0609119
1.10161	-0.0234229
1.31249	0.00877838
1.49102	0.143903
1.66206	0.283078
1.64748	0.316665
1.4529	0.439754
1.39947	0.386675
1.49257	0.417224
1.38327	0.292342
1.29683	0.197157
0.913392	0.0776225
0.569411	-0.0238252
0.321933	-0.234177
0.0766609	-0.420463
-0.0326005	-0.540055
0.284113	-0.521679
0.25553	-0.462318
0.414765	-0.492962
0.523096	-0.577862
0.324344	-0.59784
0.65776	-0.53167
0.848071	-0.515226
0.695794	-0.471375
0.625054	-0.446512
0.854498	-0.633885
1.03757	-0.608144
1.28458	-0.386841
1.5738	0.302988
1.43852	0.265842
1.72243	0.17499
1.65995	0.116801
1.61492	-0.0148255
1.34405	0.113752
1.34479	0.174673
1.63342	-0.0282513
1.53794	0.0635469
1.44388	0.164043
1.25596	0.25885
1.38796	0.198943
1.57055	0.0870778
1.56624	0.0792009
1.59388	0.125442
1.48963	0.188939
1.7682	0.239452
1.7339	0.26447
1.77757	0.246869
1.77183	0.165967
1.73155	0.221635
1.67054	0.228404
1.69567	0.186988
1.51895	0.230037
1.35634	0.131452
1.71275	0.272509
1.67977	0.332105
1.63047	0.296448
1.07609	0.44459
1.13002	0.567489
1.67473	0.181444
1.34345	-0.132548
1.03257	-0.0672516
0.954638	-0.024451
1.00618	-0.146494
1.03023	-0.166498
1.07807	-0.136033
1.05064	-0.110408
1.065	0.0289634
1.19437	0.169066
1.13289	0.181784
0.96077	-0.146034
0.769036	-0.326511
0.87694	-0.0576048
0.576544	0.028265
0.216098	0.138662
0.0844793	0.141521
-0.0205318	0.0705827
0.132631	0.178735
0.509843	0.308855
0.996081	0.165387
1.15239	-0.021069
1.68184	0.255381
1.7458	0.139254
1.86154	0.00786759
1.73221	0.00356723
1.40489	0.128166
1.72767	0.155209
2.01575	0.0453949
1.98105	-0.0546295
1.63861	0.0409155
1.50953	0.0755297
1.70012	-0.00821259
1.82145	-0.0308637
1.55392	0.273777
1.41018	0.433229
1.92355	-0.0587499
1.96735	-0.293789
1.76963	-0.411457
1.44069	-0.285413
1.1752	-0.221828
1.27167	-0.329304
1.19439	-0.369003
1.10196	-0.263386
1.18007	-0.229504
1.1054	-0.107294
1.02703	0.0255332
1.1401	0.091508
1.28231	0.287899
1.21851	0.554375
1.31584	0.399066
1.24895	0.428164
0.775583	0.309298
0.349872	0.154048
-0.358607	-0.189737
-0.530687	-0.378054
-0.387776	-0.576587
-0.542134	-0.501056
-0.597751	-0.495576
-0.474272	-0.592265
0.0751468	-0.324859
0.486137	-0.345491
0.567272	-0.202649
0.843992	0.00740625
0.745011	-0.441099
0.925059	-0.902437
0.80108	-0.790353
0.689065	-0.513681
0.956214	-0.598588
1.10478	-0.528603
1.09452	-0.472127
1.11694	-0.374746
1.53295	-0.299592
1.41508	-0.362594
1.49398	-0.33272
1.52016	-0.291483
1.6876	-0.27646
1.8376	-0.199086
1.85756	-0.27678
2.03422	-0.285488
2.05581	-0.211125
1.64678	-0.00963537
1.71766	-0.182377
1.66781	-0.190648
1.74166	-0.0374342
1.78152	0.015613
1.88456	-0.055202
2.08712	-0.248943
1.90108	-0.223396
1.21359	0.115961
0.845392	-0.122403
1.51902	-0.339245
1.71072	-0.562833
1.74618	-0.57975
1.32843	-0.26806
0.873034	-0.4029
1.74336	-0.643542
1.7464	-0.4489
1.69349	-0.481139
1.39104	-0.505061
1.74499	-0.0883663
1.3974	0.0277824
1.64896	0.19064
2.15774	0.118945
2.07695	0.29175
2.32382	0.146383
2.15724	0.325825
1.85885	0.423402
1.50469	0.387429
1.61319	0.257901
1.92135	-0.0113882
1.91462	-0.169304
2.02315	-0.185291
1.51186	-0.276554
1.66741	-0.251958
1.75418	-0.339249
1.71235	-0.418275
1.58799	-0.235749
1.53967	-0.193879
1.69543	-0.334635
1.67358	-0.30492
1.669	-0.167685
1.3183	-0.114933
1.66469	0.0653997
1.43805	-0.201046
1.22862	-0.381398
0.850246	-0.350492
0.441653	-0.527745
0.784425	-0.613498
0.888755	-0.712982
0.720408	-0.774254
0.571985	-0.776373
0.588361	-0.81577
0.751499	-0.690033
1.02909	-0.360658
1.09233	-0.320906
0.988927	-0.527769
0.877495	-0.812992
0.944583	-0.860997
0.802284	-0.810886
0.768357	-0.713559
0.766399	-0.689601
0.705874	-0.676189
0.81732	-0.60257
1.01874	-0.537758
0.972082	-0.507918
1.00076	-0.597366
0.975763	-0.741486
1.02085	-0.715513
0.944901	-0.640968
1.11174	-0.982648
1.0117	-0.882824
1.00306	-0.868345
0.897788	-0.852654
0.597158	-0.72098
0.676161	-0.794148
0.865782	-0.825239
0.591927	-0.877941
0.773298	-0.871191
0.680711	-0.791433
0.579984	-0.971397
0.520094	-0.910336
0.50481	-0.892505
0.499896	-0.863703
0.413265	-0.757911
0.527539	-0.831018
0.624059	-0.743481
0.55364	-0.71991
0.519994	-0.633593
0.43984	-0.734052
1.06399	-0.116673
1.61855	-0.344263
1.43278	-0.338414
1.22757	-0.147083
1.37495	-0.308893
1.34509	-0.294069
1.29221	-0.27456
1.24985	-0.252637
1.5471	0.0234507
1.82393	-0.0805412
1.96667	0.124471
1.95836	0.202938
1.89038	0.360518
1.87384	0.269592
1.82199	0.231114
1.6962	0.190002
1.39344	-0.0346485
1.1712	-0.790196
0.917579	-1.11289
0.916311	-1.09423
1.1513	-0.580739
1.24788	-0.391205
1.38236	-0.434383
1.50145	-0.479061
1.51457	-0.459207
1.33834	-0.290209
1.12791	-0.244304
1.60893	-0.426933
1.86246	-0.57467
1.91545	-0.533943
1.17228	-0.00848457
1.44877	-0.0687059
1.75894	-0.181425
1.64489	-0.183442
1.47103	-0.108725
1.27877	0.0268864
1.2421	0.14651
1.31943	0.21352
1.4519	0.140318
1.12707	-0.0326106
0.506808	-0.146468
0.149076	-0.0752237
-0.35766	-0.250125
-0.410303	-0.282002
-0.536052	-0.255609
-0.304691	-0.262007
-0.315705	-0.283283
-0.215657	-0.260622
-0.0158318	-0.330148
-0.00115099	-0.488427
0.13066	-0.546006
0.475086	-0.456658
1.15032	-0.0299643
1.12365	0.202795
1.46057	0.193482
1.4866	0.143574
1.63042	0.192757
1.65856	0.210859
1.43438	0.223392
1.59525	0.281355
1.97236	0.0718303
1.99255	0.0563403
1.94802	0.126249
1.63349	0.0198759
1.70991	-0.0658892
1.9414	-0.373388
1.93033	-0.398496
1.01293	0.203792
1.20277	0.303834
1.87259	-0.016827
1.57357	-0.443825
1.06384	-0.306498
1.06221	-0.0464439
1.36065	-0.401907
1.34408	-0.574652
1.19856	-0.471587
1.42468	-0.346476
1.2759	-0.243037
1.21526	-0.269889
1.1611	-0.262822
1.23518	-0.211161
1.01791	-0.104865
1.01953	-0.150703
1.10738	-0.181122
1.35906	0.104585
1.43211	0.50064
1.62238	0.294364
1.85818	0.0906875
1.75835	0.0692418
1.67008	0.0913454
1.55408	0.203178
1.78026	0.0830217
1.7878	0.130636
1.74119	0.205912
1.56384	0.256243
1.13419	0.305486
0.590311	0.0238065
0.643301	0.0384263
1.0321	0.265059
1.07522	0.238909
1.35447	0.339306
1.517	0.201646
1.6051	-0.00926816
1.51954	-0.0222971
1.61871	-0.0694746
1.60612	-0.327295
1.65875	-0.503613
1.45266	-0.678437
1.36666	-0.770208
2.09126	-0.208441
1.96006	-0.226451
1.73888	-0.176106
1.46033	-0.00813829
1.11524	-0.0843636
1.50724	-0.191256
1.59433	-0.249085
1.47457	-0.206186
1.40355	-0.199261
1.40736	-0.0932848
1.48719	-0.206645
1.7381	-0.296626
1.59664	0.00301891
1.27504	0.199138
1.74049	-0.00925095
1.80672	-0.020295
1.60237	0.139203
1.51349	0.185712
1.42406	0.189735
1.52522	0.165077
1.41714	0.0265887
1.47543	0.0854517
0.899542	-0.416319
1.09123	-0.298512
1.39786	-0.0566514
1.40869	0.0688051
1.21939	0.165987
1.29791	0.274283
1.42141	0.150635
1.48702	0.136786
1.45457	0.169555
1.31741	0.151784
1.06216	0.00584578
0.506323	0.017901
-0.0124357	-0.23353
-0.0622188	-0.297963
0.0415296	-0.468547
0.0912339	-0.508195
0.173338	-0.589288
0.319063	-0.582336
0.316909	-0.601561
0.484671	-0.810358
0.281915	-0.860515
0.200142	-0.736547
0.255959	-0.691464
0.212899	-0.637835
0.769809	-0.591667
1.14389	-0.539447
1.12447	-0.489287
1.15647	-0.298494
1.24752	-0.280302
1.18369	-0.394366
1.15997	-0.336428
1.02764	-0.24017
0.949445	-0.0623508
1.02923	-0.232507
1.07862	-0.253401
1.14548	-0.238972
1.30996	-0.278553
1.39559	-0.191803
1.23451	-0.274432
1.03172	-0.405045
1.14086	-0.381141
1.14744	-0.139063
1.71569	-0.0335691
1.84619	-6.84091e-06
1.94508	0.178238
1.98648	0.187357
1.90457	0.189707
2.1231	0.214138
2.14956	0.310277
2.04393	0.299806
1.29793	0.481427
1.36048	0.245742
1.83338	0.0151115
1.76029	-0.00776803
1.49421	0.0824103
1.21813	0.211475
1.56546	-0.0458836
1.73371	-0.0996216
1.58006	0.0184042
1.1088	0.235524
1.34886	0.13373
1.14029	0.0485957
1.18339	-0.147537
1.24414	-0.103538
1.24343	0.0991185
1.55103	-0.11397
1.62508	-0.156836
1.712	-0.142333
1.79031	-0.0770195
1.80359	-0.065013
1.86278	-0.0314634
2.00349	0.0676576
1.96826	0.305292
1.54612	0.455208
1.86938	0.366583
2.11788	0.353653
2.00839	0.148438
1.70923	0.0653203
1.49022	0.209003
1.63591	0.00746376
1.69175	-0.0967036
1.6095	-0.0833962
1.10121	0.302008
1.20926	0.242499
1.84595	-0.0190467
2.03275	0.178955
1.80391	0.320673
1.61329	0.205221
2.02591	0.0119389
1.9163	-0.0349984
1.83841	-0.0551437
1.75375	-0.0453358
1.78797	-0.246469
1.72348	-0.328665
1.77599	-0.522207
1.89578	-0.677492
1.47075	-0.327668
1.48171	-0.311585
1.91443	-0.62888
1.60192	-0.527281
1.74756	-0.554794
1.57191	-0.302808
1.63448	-0.430796
1.62323	-0.487055
1.43993	-0.68986
1.36383	-0.652724
1.34506	-0.894865
1.43997	-0.623804
1.36404	-0.534996
1.34535	-0.46131
1.00296	-0.36605
1.37236	-0.459428
1.41467	-0.336978
1.40224	-0.22607
1.22319	-0.0278143
1.16601	-0.409726
1.22328	-0.566617
1.10499	-0.723248
0.833544	-0.711432
0.748598	-0.619898
0.732272	-0.735343
0.725343	-0.723016
0.736491	-0.591669
0.557232	-0.610692
0.58336	-0.828505
0.492835	-0.89798
0.626962	-0.951485
0.770748	-0.880094
0.65826	-0.793422
0.677338	-0.897698
0.628851	-0.887538
0.556512	-0.875613
0.601209	-0.840837
0.583053	-0.746093
0.748038	-0.751116
0.691951	-0.814963
0.586856	-0.966374
0.59633	-0.845498
0.582874	-0.655107
0.685447	-0.787186
0.595558	-0.776614
0.632566	-0.842475
0.48004	-0.856158
0.770373	-0.631491
1.65755	0.0406624
1.97825	0.522888
1.74237	0.673344
1.28208	0.597589
1.62281	0.650478
1.87858	0.457006
1.85851	0.381066
1.56567	0.337345
1.56703	0.297401
2.11043	-0.0581639
2.31167	-0.189635
2.07461	-0.0867268
1.30895	0.108892
1.83346	-0.0145965
2.4239	-0.383641
2.26179	-0.457234
1.26301	-0.192681
1.03816	-0.266663
1.81968	-0.476899
1.99818	-0.624884
1.8479	-0.529867
1.34318	-0.253256
1.50036	-0.109201
1.98249	-0.361829
1.97156	-0.318319
1.42319	-0.23524
1.74971	-0.202529
1.89222	-0.0358872
1.95249	-0.117693
1.5529	-0.406754
1.34673	-0.453741
1.76617	-0.136237
1.83531	-0.225107
1.7521	-0.277439
1.58544	-0.268855
1.35754	-0.214282
1.54465	-0.255931
1.49573	-0.22334
1.58119	-0.242889
1.33079	-0.104556
1.30993	-0.0884237
1.70576	-0.0569429
2.00901	0.150595
2.11775	0.0911485
1.90712	0.0662675
1.85926	-0.057406
1.71507	-0.0891644
1.5777	-0.0669407
1.48854	-0.112685
1.16602	-0.296585
0.961846	-0.531312
0.728187	-1.0249
0.839612	-1.13921
1.01649	-1.00496
1.00928	-0.694194
0.810829	-0.408057
0.858587	-0.173484
0.823329	0.0097194
0.841098	-0.0949481
1.04491	-0.384623
0.947256	-0.483267
0.821505	-0.461302
0.939357	-0.520048
1.15331	-0.635769
1.21605	-0.574262
1.20156	-0.413743
1.10514	-0.454845
0.74165	-0.954756
0.624177	-1.30064
0.662624	-1.33677
1.10128	-0.780284
1.2386	-0.334732
1.05265	-0.261078
1.01876	-0.189899
1.05511	-0.0576123
1.18687	0.00188414
1.22153	-0.00418435
1.23059	0.0117208
1.26867	0.163564
1.38593	0.166019
1.31648	0.301423
1.22833	0.337907
1.53486	0.298791
1.52503	0.371859
1.4059	0.365042
1.18482	0.289666
1.30625	0.507833
1.4461	0.711497
1.4807	0.69275
1.41567	0.714856
1.17526	0.458158
1.2803	0.558571
1.54768	0.774442
1.47834	0.791694
1.4097	0.562874
1.473	0.471405
1.58004	0.48468
1.57934	0.332167
1.62632	0.150122
1.35093	0.243827
1.61276	0.15899
1.24269	0.18039
0.429382	0.229462
0.140963	0.281035
-0.0752526	0.0479733
0.125378	-0.0289544
0.407758	-0.038076
0.740046	-0.0933732
0.745244	0.0951386
1.14369	0.0758912
1.47059	0.00891146
1.60206	0.0589432
1.2628	0.256257
1.34137	-0.045746
1.61339	0.12659
1.7001	-0.0244525
1.5197	-0.0648157
1.36109	-0.0160354
1.07921	0.149756
1.288	0.072386
1.60959	-0.144075
1.36628	-0.0658113
0.977532	0.178648
1.54068	-0.209706
1.42349	-0.268359
1.28816	-0.230337
1.11834	-0.175688
1.0318	-0.0648492
1.19698	-0.338227
1.18927	-0.352068
1.23553	-0.301935
0.893681	0.0791033
1.04147	-0.0866042
1.40388	-0.282555
1.5238	-0.236155
1.45753	-0.0099374
1.42365	0.110158
1.49094	-0.121661
1.33311	-0.207041
1.27405	-0.179766
1.25213	-0.304071
1.48517	-0.0517741
1.65679	-0.133529
1.57425	-0.180293
1.32288	0.0309738
1.13862	0.0842503
1.42244	-0.157581
1.40735	-0.126508
1.25861	0.029223
1.05953	0.0682127
0.831921	0.241885
0.721215	0.230238
0.483004	0.126298
0.11033	0.061426
-0.405992	-0.349626
-0.501046	-0.532515
-0.679194	-0.644789
-0.614622	-0.64231
-0.618361	-0.55264
-0.248973	-0.696883
-0.0565588	-0.54763
0.474379	-0.295692
1.11713	-0.229853
1.48811	-0.27414
1.61824	-0.237155
1.73393	-0.301692
1.72961	-0.27329
1.23764	0.0758486
1.29014	0.032209
1.7771	-0.0602749
1.87328	-0.038104
1.8652	0.114573
1.48463	0.115013
2.00374	0.175544
2.18403	-0.0881165
2.06088	-0.0924219
1.93784	0.114621
1.74427	-0.113328
2.06999	-0.264186
2.20882	-0.239511
2.22144	-0.238368
1.07911	-0.0508925
1.31874	-0.0536865
2.22655	-0.249387
2.25234	-0.341955
2.28428	-0.500296
1.90086	-0.74164
2.07064	-0.647256
1.91323	-0.490459
1.63467	-0.56636
1.38758	-0.58285
1.09613	-0.824149
0.558932	-0.990664
-0.251896	-1.07292
-0.732343	-0.947799
-0.582464	-0.585387
-0.579587	-0.617814
-0.733712	-0.820066
-0.87933	-0.648665
-0.867373	-0.415557
-0.890734	-0.752528
-0.844615	-0.802253
-1.00098	-0.765263
-1.12847	-0.853148
-0.986411	-0.709844
-0.83612	-0.639808
-0.641958	-0.752617
-0.428886	-0.826475
-0.386005	-0.715634
-0.397706	-0.730099
-0.0231077	-0.892837
0.430716	-0.858991
0.604235	-0.795208
0.544252	-0.536556
0.48168	-0.648664
0.828295	-0.688294
0.853924	-0.589093
0.706666	-0.596948
0.737471	-0.552474
0.816762	-0.531853
0.825166	-0.603351
0.807564	-0.664643
1.02484	-0.388126
0.604599	-0.298976
0.5693	-0.462448
0.521394	-0.689451
0.655923	-0.786083
1.21464	-0.343268
1.85013	0.127488
1.61536	0.603856
1.34405	0.59867
1.62853	0.65651
1.56338	0.398399
1.42441	0.323589
1.12225	0.293539
1.23557	0.291815
1.66876	0.0822732
1.6946	0.183546
1.80863	0.414213
1.59289	0.597758
1.57396	0.411781
1.65229	0.12598
1.67874	0.0839862
1.5873	0.15561
1.39489	0.017641
1.41095	-0.0309188
1.28905	-0.15682
0.981742	-0.321843
1.29969	-0.519051
1.49981	-0.454218
1.76121	-0.0241875
1.78644	0.476933
1.30428	0.663229
1.19346	0.65638
1.68651	0.774486
1.97383	0.803754
1.91831	0.72061
1.47099	0.668629
1.46404	0.699266
1.95964	0.266815
1.81834	0.126691
1.69569	0.198841
1.36087	0.256669
1.41113	0.128635
1.22375	0.0460102
1.04942	0.188475
1.03875	0.294278
1.63238	0.108763
1.94254	0.0325516
2.23344	0.0397625
2.28269	0.122698
2.07891	0.318005
2.11736	0.0908053
2.13799	0.0535574
2.10652	0.169355
1.92143	0.300479
1.86324	0.421176
1.88937	0.254336
1.80615	0.311226
1.55439	0.483771
1.07784	0.313293
1.38591	0.37028
1.56193	0.380828
1.61787	0.232474
1.52829	0.236507
1.69627	0.135131
1.67254	-0.119839
1.47799	-0.238995
0.762225	0.113803
0.0235112	0.339945
-0.448992	0.375188
-0.483211	0.184407
-0.50336	-0.217384
-0.674494	-0.401357
-0.690466	-0.317629
-0.535252	-0.25855
-0.470046	-0.254816
-0.576478	-0.248487
-0.576532	-0.293842
-0.457542	-0.626106
-0.447935	-0.548451
-0.533107	-0.467884
-0.514009	-0.49655
-0.350663	-0.559287
-0.12088	-0.583741
0.344359	-0.25767
0.967176	-0.211879
1.20561	-0.0232687
1.28303	-0.218212
1.21543	-0.430968
1.21475	-0.505873
1.19754	-0.348002
1.17526	-0.0790407
1.1927	-0.172932
1.30696	-0.297822
1.30786	-0.262946
1.30327	-0.170853
1.27782	-0.0738669
1.24851	-0.082849
1.23664	0.00570966
1.18902	0.0592623
1.2175	0.137977
1.31284	-0.0452901
1.29136	0.181771
1.42752	0.15043
1.45226	0.185691
1.08371	-0.0698824
1.10433	0.0406305
1.13537	0.0474061
1.1583	0.149756
1.12741	0.341828
1.19244	-0.0509553
1.20574	0.0292442
1.20048	0.124375
1.12964	-0.0182917
1.00926	-0.0363373
1.00532	-0.258569
0.887373	-0.236817
1.15755	-0.183424
1.24857	-0.194468
1.36383	-0.129728
1.28995	-0.025157
1.27625	0.0801817
1.37817	0.132199
1.35239	0.164883
1.59619	0.121447
1.58349	0.261887
1.46608	0.407743
1.3847	0.340422
1.24084	0.113719
1.13312	0.0867914
0.704279	0.113352
0.161351	0.187865
-0.30186	0.174418
-0.40226	0.166368
-0.420331	0.00966034
-0.316054	-0.0536631
-0.0782648	-0.0841942
0.28228	-0.191837
0.395525	-0.296208
0.631225	-0.375105
0.897169	-0.273991
1.05361	-0.207265
1.69706	0.100207
1.96699	-0.0256408
2.07468	-0.0654613
1.98834	0.083915
1.17338	0.318005
1.50511	0.241532
2.08078	-0.138421
2.03894	-0.0635135
1.45344	0.13521
1.35857	0.100123
1.9014	-0.0371754
1.88779	-0.0193846
1.72619	0.0662716
1.45937	0.216498
1.50216	0.295118
1.78323	0.133733
1.77792	0.0402512
1.40913	0.27414
1.25283	0.305278
1.79549	0.0458805
1.56898	-0.155499
1.50178	0.0345828
1.30824	0.153507
1.74352	0.337093
1.90107	0.123797
1.91834	0.19722
2.06249	0.256444
1.85643	0.279716
2.02795	0.299572
2.15657	0.0576338
1.95819	0.106687
1.43499	0.230415
1.3302	0.346074
1.54683	0.0705413
1.48547	-0.135326
1.53032	-0.159617
1.14477	0.0254675
1.24674	-0.0659338
1.3999	-0.102382
1.67065	-0.162447
1.03941	0.26086
1.11454	0.105825
1.83153	-0.191452
1.41126	0.123652
1.39043	0.30419
1.87045	0.331305
1.72145	0.333529
2.00804	0.455399
2.05257	0.571636
1.76707	0.657744
1.53046	0.355684
1.76431	0.339593
2.01364	0.277552
1.94519	0.138172
1.94021	0.00191037
1.90624	-0.179876
1.842	-0.169152
1.65244	-0.212187
1.42083	-0.160866
1.24665	0.0297199
1.19497	-0.0719715
1.33282	-0.181015
1.46903	-0.140492
1.52649	-0.138949
1.29278	-0.212136
1.4926	-0.249791
1.56409	-0.261462
1.44646	-0.230252
1.02363	-0.17597
1.09508	-0.457154
0.873845	-0.707967
0.861988	-0.766639
0.946282	-0.563454
1.06723	-0.600668
1.13531	-0.704418
1.06789	-0.569828
0.90271	-0.579884
0.827897	-0.656325
0.881301	-0.739496
0.848767	-0.665825
0.766969	-0.80208
0.649015	-0.813112
0.59592	-0.729703
0.680791	-0.828598
0.737373	-0.727359
0.821571	-0.786013
0.684324	-0.760193
0.601232	-0.72581
0.677368	-0.71547
0.699571	-0.722457
0.579356	-0.593405
0.676527	-0.68111
0.657137	-0.811503
0.751204	-0.725032
0.844802	-0.571398
0.90028	-0.643005
0.870389	-0.714031
0.630368	-0.751166
0.722513	-0.871935
0.722737	-0.7783
0.856618	-0.806735
0.98127	-0.869917
0.641192	-0.75147
0.954184	-0.594011
1.63307	-0.198599
1.66878	-0.0810335
1.80134	0.141223
1.84766	-0.0156222
1.93444	-0.0451601
1.8182	-0.007569
1.09368	0.262878
1.10512	0.323173
1.72605	-0.0148798
1.61467	-0.287919
1.50424	-0.23994
0.889756	0.144659
1.04793	0.0553664
1.46197	-0.110463
1.47386	-0.222919
1.3682	-0.116771
1.34861	-0.0891976
1.4765	-0.220716
1.5374	-0.274555
1.736	-0.187264
1.57111	0.164364
1.59828	0.205872
1.64717	0.123522
1.56347	-0.208167
1.16612	-0.481684
1.17904	-0.437474
0.725941	-0.722116
1.12757	-0.536405
1.06477	-0.424656
0.41311	-0.731657
0.463039	-0.682805
0.469454	-0.577163
0.340094	-0.335864
0.455443	-0.199965
0.881399	0.0388458
1.15359	-0.0315256
1.19654	-0.0812887
1.20962	-0.203271
1.22993	-0.340878
1.12075	-0.154797
1.44951	-0.304369
1.73522	-0.245515
1.95563	-0.0242832
1.63918	0.265055
1.9035	0.374184
2.01126	0.155925
1.98572	0.128465
1.8819	0.251091
1.33682	0.330585
1.65689	0.222347
1.66111	0.0711839
1.49018	-0.026912
1.26248	-0.143446
1.20047	-0.175169
1.09429	-0.44987
1.04611	-0.654367
1.2044	-0.577432
1.43583	-0.253755
1.65339	-0.228239
1.8442	-0.0603065
1.66528	0.0987885
1.72166	0.0106731
1.6817	0.0596999
1.76022	-0.0631056
1.87467	-0.271732
1.68656	-0.133262
1.32339	-0.0260272
1.99072	-0.286457
2.02649	-0.339802
2.02564	-0.26192
1.55673	0.0522221
1.15223	0.0283665
1.44203	-0.170308
1.15609	-0.739636
1.04815	-0.844601
1.37466	-0.686317
1.55578	-0.324485
2.00059	-0.109668
2.18585	0.0799132
1.70003	0.547906
1.51704	0.545787
1.79733	0.525581
1.9776	0.482741
1.78626	0.35033
1.51484	0.348388
1.80831	0.215908
2.04149	-0.042081
2.01951	-0.100949
1.91583	-0.0652574
1.71264	0.0318887
1.74288	-0.00912928
1.57263	-0.0398552
1.35705	-0.0970329
1.24486	-0.0952467
0.683587	0.0967368
0.348881	0.0197519
-0.0967603	-0.149588
-0.248986	-0.301919
-0.188944	-0.223644
-0.269612	-0.213757
-0.335613	-0.167438
-0.28957	-0.152726
-0.35214	-0.152404
-0.41859	-0.17169
-0.37695	-0.316063
-0.323389	-0.465893
-0.287433	-0.455644
-0.19375	-0.383716
0.074544	-0.343777
0.546647	-0.1947
0.565797	-0.0246364
0.684508	0.130032
0.891156	0.168911
0.683669	0.160744
0.593884	0.0848213
0.632254	0.0151772
0.790107	-0.117648
0.887765	-0.21586
0.896918	-0.290562
1.07704	-0.401282
1.10399	-0.391015
0.975005	-0.443972
0.906186	-0.600475
0.768406	-0.503107
0.510367	-1.12695
0.390602	-0.759589
0.583025	-1.25186
0.58079	-1.0574
0.450125	-0.645797
0.559798	-0.457306
0.630877	-0.467959
0.700587	-0.679846
0.710544	-0.872653
0.641853	-0.855654
0.552797	-0.719631
0.690695	-0.332398
0.747738	-0.779702
0.889975	-0.764314
0.971743	-0.680561
0.89786	-0.445163
1.01075	-0.376915
1.33203	-0.629451
1.26358	-0.633778
1.22166	-0.500936
1.00298	-0.627854
1.15019	-0.626859
1.13717	-0.545065
1.00339	-0.636802
0.983122	-0.6142
1.18484	-0.153174
1.19223	-0.444768
0.809212	-0.205655
0.421933	0.0603214
0.00219895	0.365023
-0.311929	0.322834
-0.385281	0.188343
-0.2276	-0.0359713
-0.227945	-0.0293505
0.285548	-0.121342
0.753485	0.175707
1.26453	0.329233
1.39613	0.312533
1.29177	0.158281
1.65127	0.328418
1.80402	0.425411
1.81294	0.454097
1.6132	0.558816
1.62151	0.436225
1.91901	0.192223
1.84313	0.216293
1.68398	0.268279
1.59072	0.359141
1.4449	0.359622
1.14087	0.41359
0.842752	0.273622
0.41127	0.136116
0.0095835	-0.479834
-0.0414483	-0.632032
0.00337497	-0.688622
-0.158508	-0.685212
-0.314759	-0.75923
0.220312	-0.763549
0.107256	-0.821471
0.181509	-0.935774
0.400835	-0.927494
0.534054	-1.04241
0.769034	-1.04333
1.23109	-0.622659
1.58892	-0.432715
1.59403	-0.438471
1.4155	-0.421461
1.37694	-0.549111
1.48607	-0.699443
1.43508	-0.66285
1.30687	-0.440578
1.46048	-0.704316
1.38412	-0.729602
1.51864	-0.744678
1.46187	-0.518408
1.47228	-0.370023
1.53235	-0.608613
1.46209	-0.560233
1.33815	-0.479041
0.740221	-0.22899
0.570879	-0.299896
1.15334	-0.56736
1.57995	-0.701913
1.74077	-0.571601
1.84835	-0.655283
1.82784	-0.634821
1.56474	-0.488818
1.05316	-0.441885
0.741616	-0.641078
0.784155	-0.513908
0.740021	-0.640686
0.788552	-0.667601
0.672632	-0.693266
0.779849	-0.685448
0.73958	-0.690519
0.780653	-0.747232
0.963191	-1.24674
0.572758	-1.03078
0.793752	-0.833109
1.01273	-0.884671
0.875236	-0.765418
0.708134	-0.810614
0.644944	-0.689086
0.842838	-0.882219
0.766291	-0.936001
0.714829	-1.01408
0.810303	-1.09731
0.769929	-0.553398
0.776258	-0.78071
0.755268	-0.987002
0.792501	-0.960417
0.621478	-0.72079
0.710331	-0.818392
0.813683	-0.840832
0.79346	-0.817107
0.755498	-0.85439
0.887193	-0.931295
0.771856	-0.869034
0.708778	-0.834758
0.70996	-0.836314
0.702719	-0.776508
0.658148	-0.830543
0.787159	-0.870271
0.743796	-0.815604
0.503864	-0.793803
0.482015	-0.93156
0.546051	-1.0051
0.726496	-0.898848
0.740663	-0.86251
0.706741	-0.987787
0.439912	-0.794858
0.528789	-0.552561
0.681335	-0.853528
0.692604	-0.867862
0.582834	-0.833271
0.591441	-0.863998
0.658347	-0.803531
0.853478	-0.614764
1.55368	-0.00824712
1.55385	0.311232
1.46031	0.632602
1.8532	0.491298
1.86198	0.539775
1.75977	0.533075
1.6509	0.447364
1.48711	0.263336
1.66822	0.120693
1.6866	0.257369
1.65293	0.346232
1.40121	0.465416
1.507	0.49796
1.54743	0.431121
1.67899	-0.274885
1.43422	-0.427781
1.47353	0.0288797
1.61676	-0.0716267
1.5274	0.273285
1.58535	0.257918
1.01746	0.336997
1.15972	0.220772
1.73653	0.3838
1.84071	0.308239
1.5748	0.452252
1.34307	0.429073
1.89385	0.711388
2.02183	0.784125
1.92662	0.761597
1.74441	0.660265
2.08677	0.576668
2.09582	0.253638
1.80455	0.0236127
1.50145	0.164837
1.2296	0.138612
1.78867	0.109422
1.73537	0.111377
1.83271	0.0509947
1.9873	0.0917962
1.73774	0.108825
1.85854	0.1087
1.88205	0.253847
1.61006	0.226434
1.54604	0.206696
1.82601	0.150698
1.76639	0.269022
1.53545	-0.0991454
1.16685	-0.00693682
0.792737	-0.0412417
0.795084	-0.0221845
0.753391	0.0369608
0.896261	0.00832485
0.9657	0.0104706
1.14986	0.277474
1.31521	0.293491
1.62607	0.271116
1.57728	0.301341
1.47135	0.227457
1.81778	0.222932
1.76927	-0.0325439
1.58051	-0.461041
1.40654	-0.488782
1.28551	-0.208994
1.24581	-0.235698
0.873219	-0.317947
0.515984	-0.529378
0.253684	-0.64711
0.249001	-0.6801
0.325256	-0.874961
0.619772	-0.935079
0.807539	-0.911755
0.656165	-0.490257
0.795283	-0.573007
0.821804	-0.489094
1.00356	-0.423276
1.33178	-0.0517017
2.09712	-0.0894203
2.11282	-0.073193
2.05331	-0.0743377
1.9483	0.077343
2.13402	-0.00870237
2.22166	0.15576
2.47246	0.439546
2.4347	0.488934
1.05158	0.282001
1.09854	0.369233
2.39143	0.151454
2.19894	0.193774
1.96596	0.314407
1.58808	0.370029
1.98619	0.364824
2.22576	0.452477
2.09445	0.503314
1.91732	0.302007
2.01444	0.152321
1.96302	0.129408
1.91019	0.024648
1.93029	-0.0167829
1.69399	0.0572955
1.83466	0.0170008
1.93042	0.00426118
1.96216	0.0326445
2.01031	0.0809845
1.67509	0.21922
1.77299	0.177824
1.66222	0.0271148
1.48633	-0.0397259
1.25353	-0.00676045
1.24134	-0.300496
1.26683	-0.361425
1.18612	-0.479727
0.997985	-0.540712
1.0645	-0.645346
0.995348	-0.646871
0.921685	-0.57677
0.948591	-0.603829
0.761801	-0.31037
1.14199	0.0438479
1.59526	0.116935
1.71414	0.0681903
1.50385	0.146477
1.45423	0.167086
2.02366	-0.0328955
2.11043	-0.0948077
2.15767	-0.203806
1.936	-0.145038
1.6146	-0.841252
1.82845	-0.526222
2.06299	-0.194545
2.14136	0.0313775
1.88145	0.21293
1.94464	-0.289298
2.00904	-0.392908
2.03809	-0.194687
2.16033	-0.115817
2.21915	-0.227052
2.16666	-0.047904
2.20813	0.0355697
1.62584	0.307286
1.35464	0.391927
1.89045	0.251872
2.06064	0.0343432
1.96896	-0.0339252
1.64184	0.161923
1.53006	0.227428
1.82756	-0.00448164
1.9355	-0.106641
1.78948	0.0234196
1.48752	0.0766064
1.57341	0.15253
1.83824	0.108935
1.87846	0.121226
1.60714	0.181993
1.2217	0.159866
1.39337	-0.152103
1.46606	-0.37586
1.0646	-0.373866
0.81362	-0.161257
0.829816	-0.61262
1.06996	-0.494567
1.41887	-0.302879
1.69501	-0.277796
1.59138	-0.106236
1.72569	-0.232152
1.77616	-0.295475
1.66183	-0.396503
1.57779	-0.366096
1.29394	-0.55726
1.3754	-0.404171
1.34699	-0.369302
1.40505	-0.446684
1.27656	-0.100824
1.12061	-0.33302
0.653269	-0.321751
-0.275887	-0.43549
-0.669454	-0.454038
-0.76629	-0.59366
-0.914784	-0.55889
-0.948858	-0.344564
-0.928883	-0.34349
-0.718657	-0.311599
-0.743723	-0.319933
-0.840941	-0.400046
-0.875427	-0.358246
-0.898479	-0.360288
-0.773097	-0.356335
-0.881746	-0.375824
-0.872074	-0.304233
-0.717515	-0.275459
-0.734575	-0.401777
-0.704918	-0.30662
-0.594968	-0.317317
-0.549925	-0.279226
-0.575071	-0.368835
-0.409488	-0.232729
-0.448088	-0.489065
-0.190972	-0.355549
0.107557	-0.466287
0.0720484	-0.578371
0.663541	-0.628318
0.653227	-0.610278
0.680896	-0.671191
0.606665	-0.648707
0.570548	-0.504818
0.704668	-0.659938
0.748889	-0.765111
0.814326	-0.711498
0.749432	-0.664224
0.508613	-0.633588
0.550559	-0.641247
0.607119	-0.820584
0.60731	-0.922512
0.530948	-0.777854
0.732476	-0.925946
0.681005	-0.763692
0.61642	-0.628997
0.717595	-0.593282
0.677738	-0.706678
0.575673	-0.747539
0.764286	-0.685317
0.612603	-0.730287
0.617586	-0.844021
0.603656	-0.759421
0.516566	-0.810342
0.644024	-0.812063
0.657276	-0.794281
0.615622	-0.803752
0.372282	-0.916364
0.883033	-0.582609
1.20884	-0.275318
1.44751	-0.0822161
1.62003	-0.102859
1.27486	0.0381518
0.63995	-0.574034
0.338261	-0.812035
0.568065	-0.687983
1.36204	-0.269218
1.65346	-0.0613988
1.42438	-0.253314
0.616774	-0.246463
0.624083	-0.215398
0.487069	-0.092168
0.649483	0.0450013
1.01263	-0.202047
1.13271	-0.351069
1.15785	-0.447987
1.16996	-0.473776
1.42374	-0.70541
1.49278	-0.694475
1.51946	-0.676097
1.45614	-0.707742
1.66518	-0.774256
1.62333	-0.682945
1.63875	-0.524526
1.5944	-0.38104
1.32669	-0.190295
1.79286	-0.521695
1.84567	-0.563981
1.90373	-0.513881
1.66449	-0.155442
1.84704	-0.0935227
2.01527	-0.089663
1.98098	-0.0176599
1.75286	0.165713
1.39696	0.302918
1.60453	0.271302
1.74911	0.334182
1.71939	0.50312
1.37105	0.578501
1.44297	0.686589
1.83635	0.475156
1.80622	0.552178
1.46246	0.649601
1.25299	0.644391
1.60932	0.67226
1.53326	0.569777
1.44453	0.514479
1.56474	0.482147
1.44306	0.527586
1.38881	0.446359
1.37146	0.226135
1.2026	0.191279
1.352	0.345925
1.15596	0.366204
0.985068	0.277778
1.04495	0.345536
1.19478	0.32273
1.26723	0.245823
1.3442	0.0309263
1.38295	-0.235888
1.16732	-0.442499
1.1187	-0.250879
1.00488	-0.328293
0.933675	-0.568345
0.985057	-0.605426
0.870343	-0.637795
0.510406	-0.544603
0.501837	-0.446804
0.642802	-0.498392
0.50147	-0.540606
0.652857	-0.548894
0.68102	-0.587506
0.835663	-0.700807
0.921296	-0.770242
0.824829	-0.644328
0.867388	-0.607367
0.620927	-0.493686
0.484812	-0.303541
0.507216	-0.130902
0.864818	0.00065799
0.900946	-0.0593783
0.815861	-0.221992
0.862743	-0.100457
0.939818	-0.235003
1.00916	-0.262141
1.08586	-0.314117
1.08379	-0.298922
1.26809	-0.345645
1.30372	-0.234401
1.13643	0.00251541
1.72146	-0.130015
1.83618	-0.278369
1.73319	-0.242096
1.30367	-0.0369815
1.4695	-0.0625633
1.83416	-0.295548
1.90481	-0.336892
1.86006	-0.378341
0.809048	0.284524
0.899636	-0.243393
0.97641	-0.487331
1.13024	-0.49659
1.09884	-0.378955
1.12354	-0.222927
1.07226	-0.319189
0.928866	-0.346277
0.83815	-0.221517
0.779701	-0.162004
0.998517	-0.386796
1.20347	-0.548973
1.23958	-0.565248
1.13689	-0.471923
0.760827	-0.277568
1.25394	-0.602424
1.3907	-0.648182
1.45103	-0.619063
1.41246	-0.546256
1.55239	-0.676611
1.57985	-0.61398
1.69066	-0.55956
1.77401	-0.479755
1.73465	-0.292021
1.77055	-0.402217
1.92675	-0.511055
1.75422	-0.237857
1.16095	0.0875533
1.15739	-0.0982537
1.90264	-0.458543
1.86982	-0.433729
1.77805	-0.415646
1.39055	-0.0292439
1.47065	-0.412275
1.47826	-0.474022
1.44852	-0.470087
1.53522	-0.401819
1.15838	-0.350622
1.1898	-0.442678
1.12688	-0.665312
0.869323	-0.771506
0.72569	-0.611394
0.709898	-0.619735
0.644161	-0.780429
0.809083	-0.826202
0.726401	-0.719241
0.713391	-0.540527
0.737791	-0.779316
0.8282	-0.780213
0.770386	-0.759218
0.639945	-0.634679
0.534475	-0.605827
0.757433	-0.666502
0.849089	-0.665813
0.680083	-0.770326
0.56339	-0.922347
0.403168	-0.870667
0.674125	-0.918461
0.596962	-0.732791
0.722465	-0.642981
0.797041	-0.718673
1.74746	0.112803
1.98031	0.371535
1.95797	0.474139
1.93978	0.38453
2.00787	0.440042
1.69593	0.502971
1.57971	0.388165
1.54054	0.25658
1.63104	0.0332624
1.68685	-0.128481
1.79269	0.264856
1.84029	0.215228
1.73232	0.229485
1.42802	0.451161
1.42732	0.0491402
0.86379	0.0848871
-0.0526547	-0.493529
-0.0672344	-0.654754
0.124382	-0.659112
0.517085	-0.612008
0.514958	-0.496931
0.509162	-0.487329
0.331936	-0.424382
0.238352	-0.665308
0.311754	-0.681535
0.563613	-0.504067
0.903675	-0.0190616
0.956767	0.206384
1.44519	0.196822
1.45546	0.356565
1.38753	0.560406
1.46411	0.648405
1.34736	0.774902
1.39987	0.58329
1.74554	0.44582
1.9093	0.287516
1.88975	0.286762
1.81751	0.266725
1.80366	0.415627
1.79133	0.539199
1.52605	0.576796
1.20926	0.47364
1.46922	0.503261
1.58272	0.443057
1.60668	0.159384
1.40953	-0.0910584
1.29681	0.0513269
1.41304	0.0554766
1.54791	0.0426784
1.5739	0.137147
1.4118	0.287869
1.63318	-0.0673815
1.78856	-0.0488614
1.95995	0.15619
1.94968	0.481256
1.78542	0.591077
1.91102	0.62167
2.06067	0.480189
1.88843	0.528736
1.52573	0.568527
1.66392	0.62108
1.89999	0.668293
2.00924	0.761083
1.50118	0.698733
1.33568	0.532867
1.8512	0.718225
1.94639	0.752414
1.75613	0.720445
1.55707	0.549538
1.49052	0.443768
1.38802	0.291891
1.24059	0.11694
0.983069	-0.0345195
0.325921	-0.0468226
-0.38046	-0.165426
-0.767898	-0.0671288
-0.913484	-0.0833682
-0.90663	-0.126789
-0.733272	-0.14136
-0.757886	-0.23064
-0.789302	-0.359466
-0.672164	-0.235166
-0.542341	-0.194054
-0.455982	-0.356459
-0.0921936	-0.315674
0.996422	0.150228
1.42941	0.267749
1.2951	0.362086
1.45726	0.368031
1.63226	0.50387
1.6333	0.545039
1.06989	0.348656
1.16027	0.30583
1.67407	0.293907
1.70181	0.159114
1.53393	0.0517926
1.29221	0.105036
1.60398	0.0975463
1.8878	0.0686233
1.92025	-0.00602325
1.75344	0.173819
1.58218	0.0405413
1.96991	0.00572971
2.09752	-0.0511081
1.93438	-0.0608881
1.3135	-0.0956364
1.63114	0.161726
2.04076	0.0627934
2.19831	0.0569449
2.19626	0.17141
1.87236	-0.103368
1.91052	-0.0268478
1.96612	-0.0527936
1.95969	0.111399
1.89401	0.0267596
1.90862	0.314681
2.03	0.266031
2.02559	0.201412
1.88325	0.288382
1.64546	0.088364
1.82258	0.0740746
1.83643	-0.0123129
1.72156	-0.109018
1.63159	0.0358977
1.8107	-0.211025
1.84516	-0.177032
1.85518	-0.230254
1.14497	0.0786922
0.851537	0.0813592
1.79703	-0.341991
1.83593	-0.367705
1.81285	-0.253081
1.52395	-0.303678
1.4952	-0.493456
1.49	-0.565964
1.46837	-0.49903
1.39387	-0.385774
1.31199	-0.309622
1.15217	-0.353453
1.04397	-0.537422
0.756622	-0.686057
0.723252	-0.710726
0.696283	-0.557928
0.651581	-0.661451
0.557964	-0.758863
0.598611	-0.812272
0.596131	-0.888862
0.584708	-0.8132
0.594854	-0.751693
0.56562	-0.920419
0.544231	-0.851264
0.565637	-0.728315
0.617198	-0.788012
0.976956	-0.362375
1.29336	-0.114112
1.5916	-0.111735
1.76609	-0.391043
1.71592	-0.301718
1.79857	0.413125
2.17062	0.0418043
2.09928	0.0325647
1.50043	0.233474
1.25184	0.2534
1.68436	-0.105306
1.50904	-0.255176
0.899126	-0.175509
0.249579	-0.295407
-0.359578	-0.0994598
-0.180002	-0.133352
-0.0372729	-0.24242
0.224373	-0.455487
0.222727	-0.477559
0.481013	-0.18383
0.568429	-0.562649
0.538337	-0.571478
0.618126	-0.442216
0.485201	-0.455815
1.06167	-0.279706
1.58621	-0.249254
1.53953	-0.289481
1.50982	-0.38318
1.22822	-0.299548
1.04429	-0.357102
0.921802	-0.408418
0.913097	-0.479479
0.802213	-0.447731
1.1364	-0.609351
1.02372	-0.644888
1.09542	-0.512922
1.05623	-0.169261
1.04504	-0.227278
0.978428	-0.432261
0.869447	-0.582401
0.684424	-0.398267
0.51011	-0.173709
0.16779	-0.402714
-0.0292847	-0.419004
-0.103089	-0.520356
-0.0639801	-0.426329
-0.372575	-0.679533
-0.21418	-0.502678
-0.219053	-0.423965
-0.120988	-0.45884
0.542874	-0.150948
1.34487	-0.18902
1.32779	-0.121837
1.3806	-0.177628
1.08966	0.0487964
0.81249	0.0944098
1.57565	-0.0205093
1.91595	-0.12295
1.96899	0.0308738
1.62931	0.184862
1.44604	0.196613
1.55509	-0.0164563
1.51159	-0.136892
1.37445	-0.180228
1.11207	0.137488
1.4117	0.0401373
2.00882	-0.113889
1.8605	-0.0724771
1.39919	0.0396372
1.58177	0.0904334
1.7547	-0.0910301
1.67088	-0.106431
1.60976	-0.0648649
1.61578	-0.0756629
1.38663	0.213081
1.41084	0.0323578
1.67173	-0.208404
1.60819	-0.0392968
1.37226	-0.0326995
1.18269	0.037823
0.0609621	-0.237152
-0.15129	-0.592822
-0.0063799	-0.482499
0.293072	-0.51953
0.161541	-0.404299
0.113533	-0.408582
0.0633376	-0.389653
-0.0194179	-0.38782
0.338099	-0.530128
1.0189	-0.486099
1.27806	-0.366114
1.24604	-0.428996
1.42131	-0.327146
1.55009	-0.380678
1.47003	-0.501417
1.18739	-0.578302
1.0531	-0.433367
1.33945	-0.712807
1.33677	-0.678001
1.35176	-0.418849
1.15761	-0.0930664
0.885531	-0.261023
1.0085	-0.378901
1.16921	-0.444487
1.17341	-0.348619
0.916076	-0.22887
0.910073	-0.450089
0.72019	-0.703467
0.65467	-1.0504
0.651485	-1.04046
0.725135	-0.926342
0.833907	-0.845049
1.05509	-0.499337
1.18716	-0.491753
1.40955	-0.3246
1.12648	-0.430445
1.10811	-0.482335
1.17284	-0.55497
1.16677	-0.522249
1.04034	-0.426287
1.06612	-0.372653
1.00385	-0.235408
1.07117	-0.270572
1.01794	-0.24292
1.25684	-0.0936255
1.3031	-0.152508
1.35979	-0.12902
1.50897	-0.152906
1.31146	0.208917
1.39713	0.203755
0.87999	0.421407
0.325854	0.533843
-0.17961	0.596353
-0.821339	0.270996
-0.932775	0.0233717
-0.990505	-0.106381
-1.0217	-0.101387
-0.942692	-0.10125
-1.20032	-0.19611
-1.13876	-0.159483
-0.959015	-0.180168
-1.05997	-0.287159
-0.948808	0.0411798
-0.984357	-0.0259918
-0.842025	-0.0915356
-0.721076	-0.160273
-0.677899	-0.263481
-0.485136	-0.247864
-0.168829	-0.446481
0.0996786	-0.672409
0.18419	-0.675913
0.468008	-0.346675
0.62852	-0.44129
0.764257	-0.46556
0.783284	-0.297194
0.808401	-0.174802
0.519579	-0.546693
0.605071	-0.458116
0.660146	-0.523681
0.811076	-0.622982
0.603435	-0.492838
0.674225	-0.640449
0.672272	-0.65151
0.684285	-0.792998
0.585276	-0.775303
0.709486	-0.752443
0.675457	-0.874345
0.69875	-0.685296
0.73591	-0.629169
0.693233	-0.72255
0.792239	-0.761741
0.780755	-0.792656
0.692439	-0.639305
0.649233	-0.609539
0.700951	-0.542208
0.687657	-0.671712
0.746241	-0.949062
0.722427	-0.879636
0.651579	-0.71379
0.71908	-0.821473
0.763568	-0.745288
0.630659	-0.720244
0.537008	-0.813123
0.824557	-0.820737
0.556879	-0.856305
0.68407	-0.602422
0.552372	-0.648529
0.515215	-0.739392
0.872179	-0.593558
0.876318	-0.470267
0.914694	-0.362442
1.07428	-0.286926
1.44445	-0.0909698
1.40659	0.0196571
1.54537	-0.0915461
1.37037	-0.019397
1.20013	0.133974
1.37339	0.156207
1.54803	0.189428
1.35207	-0.606007
1.06128	-0.921721
1.15588	-0.803016
1.50189	-0.681064
1.89576	-0.280127
1.99803	0.00910106
1.85585	0.0302518
2.12921	-0.109358
2.08106	0.0989813
2.09289	0.30711
1.99863	0.516202
1.58249	0.487825
1.75148	0.496078
2.00224	0.507052
2.10691	0.295537
1.49389	0.428143
1.51885	0.623107
2.15575	0.262907
2.20527	0.278606
1.70691	0.373515
1.45731	0.284384
2.02254	-0.0479409
2.12246	-0.362612
2.14049	-0.490924
2.13782	-0.445985
1.53207	-0.0768004
1.66045	-0.278598
1.87893	-0.652106
1.95146	-0.525162
1.47883	-0.216504
1.7086	-0.298509
2.01349	-0.47847
1.97451	-0.475329
1.91616	-0.49402
1.14042	-0.123184
1.39819	-0.344395
1.67094	-0.518342
1.51792	-0.332175
1.05352	-0.0840393
0.699272	-0.115133
1.58678	-0.0678997
1.72562	-0.00579122
1.76714	0.0518407
1.27702	0.238441
1.45889	0.179077
1.97454	0.0932035
1.92546	0.0787783
1.63537	0.140346
1.3268	0.153813
1.45958	-0.095352
1.23322	-0.165329
0.960132	-0.0233324
0.801567	0.140025
0.675915	0.333884
1.16924	0.664143
1.48428	0.598963
1.41486	0.509871
1.43113	0.397005
1.5366	0.494804
1.55905	0.512557
1.66329	0.465563
1.368	0.476424
1.50919	0.574561
1.61836	0.693965
1.62677	0.805029
1.6058	0.742577
1.54428	0.489782
0.823159	0.0787378
0.262588	-0.0851542
0.0633279	0.0115838
-0.111058	0.126082
-0.189327	-0.00249174
-0.256299	-0.152476
-0.30318	-0.276024
-0.33359	-0.372671
-0.339659	-0.415556
-0.378497	-0.345158
-0.291107	-0.412494
-0.000461681	-0.286378
0.270054	-0.183191
1.26288	0.310737
1.4519	0.532596
1.5832	0.589699
1.70381	0.636436
0.959351	0.264427
1.06952	0.243573
1.86904	0.709676
1.74512	0.70949
1.40662	0.655784
1.27464	0.73382
1.50764	0.765456
1.55537	0.702413
1.60432	0.691533
1.24205	0.545763
1.11762	0.446116
1.63263	0.680768
1.60969	0.749048
1.48432	0.704321
1.28745	0.691401
1.73897	0.666647
1.83137	0.679399
1.78892	0.683514
1.12175	0.518241
1.11498	0.47601
1.62729	0.803904
1.7498	0.824351
1.57464	0.564205
1.4293	0.406868
1.69151	0.764071
1.7351	0.823507
1.66375	0.381652
1.41746	0.229481
1.18668	0.447962
0.772963	0.468099
-0.0500596	0.412626
-0.44207	-0.0685083
-0.33444	-0.329862
-0.209038	-0.298723
-0.190505	-0.216131
-0.12696	-0.248583
-0.243727	-0.3412
-0.207201	-0.304185
-0.203594	-0.343347
-0.0929414	-0.320797
-0.0256127	-0.419318
0.0837612	-0.440433
0.934397	0.146008
1.52142	0.184767
1.85657	0.134543
1.86868	0.227216
1.12195	0.266317
1.39523	0.147917
2.10051	-0.103906
2.13112	-0.125261
2.01433	-0.0836688
1.98133	-0.035773
2.04779	-0.0623083
2.16254	-0.116885
2.05246	0.0777057
1.78007	0.329282
1.97662	0.244348
1.93432	0.115261
1.91199	0.0584336
1.4262	0.315716
1.41561	0.384952
1.92297	0.0591599
2.00873	0.108178
2.04024	0.325752
1.79269	0.476015
2.02103	0.305289
2.15977	-0.0947755
1.9943	-0.226598
1.66615	-0.123407
1.49617	-0.010309
1.61066	-0.0480147
1.5346	-0.115263
1.50177	-0.236368
1.54013	-0.316108
1.37633	-0.211133
1.456	-0.139203
1.48715	-0.0299213
1.55202	0.0465825
1.43873	-0.0444679
1.51909	-0.14781
1.20224	-0.511131
0.743802	-0.982803
0.727333	-1.00111
1.02234	-0.584813
1.10011	-0.369721
1.04944	-0.208704
1.09084	-0.137238
0.86958	-0.157904
0.872347	-0.295773
0.813692	-0.284121
0.536003	-0.0349653
-0.260223	0.187618
-0.428444	0.0810567
-0.575644	0.0805196
-0.410241	-0.162601
0.0292334	-0.332822
0.253747	-0.396135
0.146926	-0.535342
0.342386	-0.66262
0.476849	-0.58092
0.372047	-0.577918
0.314934	-0.552954
0.311396	-0.573494
0.58197	-0.256094
0.953037	-0.158306
0.788513	0.191999
0.889432	0.0665715
0.874838	-0.305757
0.807565	-0.339781
1.03384	-0.305101
1.00265	0.0533504
0.855087	-0.276083
0.88692	-0.472342
0.831352	-0.440363
0.901522	-0.306825
1.01357	-0.147707
0.95204	-0.192326
0.977296	-0.364107
0.993643	-0.524721
1.06991	-0.433014
0.94098	-0.0761307
0.691085	0.0534717
0.360305	-0.0993299
0.143979	-0.39092
-0.0421636	-0.258484
-0.0385805	-0.472186
-0.158825	-0.591094
-0.162182	-0.528969
-0.198288	-0.321908
-0.0440025	-0.139855
0.500367	-0.0763706
1.1405	-0.0448907
1.31674	0.0488225
1.13414	-0.0376074
1.66153	0.0814493
1.86593	0.0806649
1.9568	0.141135
1.81629	0.222458
1.53619	0.0879931
1.65903	0.0969016
1.53863	0.124257
1.42853	0.14464
1.08733	0.147928
0.539212	-0.268594
0.45282	-0.443177
0.417835	-0.463846
0.163423	-0.417956
-0.12325	-0.451993
-0.259392	-0.317084
0.0342145	-0.291571
0.533201	-0.0562718
1.06504	0.0585445
1.30179	0.101413
1.27017	0.0803935
1.30782	-0.0348852
1.32669	0.0134171
1.26209	0.0471235
1.49311	-0.0712214
1.71132	-0.107037
1.57839	0.122754
1.4724	0.41915
1.35505	0.0490188
1.31592	-0.24816
1.14616	-0.292589
1.216	-0.241171
1.33029	-0.14573
0.937691	-0.34845
0.72211	-0.243585
0.708316	-0.0551358
0.767247	0.0203296
0.549892	0.137085
0.386273	0.110331
0.336569	-0.0703717
0.140079	-0.152125
0.170037	-0.22815
0.287414	-0.338224
0.360094	-0.248615
0.444712	-0.0690247
0.626805	-0.00995344
0.806603	0.0468174
0.923049	-0.0274339
1.12262	-0.0898495
1.27355	-0.182487
1.19631	0.0138004
1.22048	0.011354
1.47168	-0.0661741
1.6281	-0.113721
1.4459	-0.00689214
1.54515	0.101216
1.82106	-0.00482478
1.91384	0.028081
1.6683	0.225268
1.62223	0.323002
1.68502	0.138893
1.70471	-0.0920889
1.77244	-0.259028
1.55923	-0.156961
1.6806	0.102302
1.68662	-0.248397
1.87656	-0.369008
1.9028	-0.327288
1.92672	-0.242303
1.75781	0.127151
1.8534	0.0843156
1.70558	0.19344
1.47271	0.250511
1.28761	0.261579
1.5777	-0.0279587
1.5673	-0.0632624
1.4705	-0.0306766
1.27352	-0.0166329
0.178024	-0.224804
-0.106538	-0.359969
-0.0413697	-0.325512
-0.00266611	-0.362439
-0.293662	-0.430479
-0.0697504	-0.456806
-0.321679	-0.53794
-0.414356	-0.427275
-0.385615	-0.505027
-0.317122	-0.385274
-0.291397	-0.505951
-0.177575	-0.692775
-0.0876506	-0.748403
0.254244	-0.657998
0.862087	-0.509242
1.01546	-0.268521
0.994125	-0.201841
0.895706	-0.195679
0.617829	-0.0632057
0.808435	-0.172613
1.11158	-0.319674
1.3067	-0.370544
1.33538	-0.137883
1.35759	-0.249496
1.44595	-0.279417
1.5152	-0.384529
1.47961	-0.36949
1.31898	-0.214864
1.29919	-0.345733
1.33505	-0.307853
1.28293	-0.28491
1.23799	-0.235774
1.06272	-0.310218
1.18299	-0.399522
1.14425	-0.477797
1.16535	-0.519823
0.976479	-0.406355
1.04742	-0.647275
0.979116	-0.577421
0.882196	-0.603643
0.709359	-0.716183
0.828357	-0.762146
0.780842	-0.797911
0.830003	-0.788013
0.766794	-0.839388
0.893267	-0.872469
0.832874	-0.885749
0.69369	-0.871392
0.628699	-0.799319
0.433952	-0.71257
0.415153	-0.662122
0.422299	-0.653364
0.647735	-0.808149
0.576341	-0.75175
0.512109	-0.805342
0.704008	-0.83191
0.533045	-0.79071
0.584795	-0.717977
0.536087	-0.700767
0.565133	-0.79171
0.921321	-0.40395
1.73868	0.140572
1.97362	0.432017
1.97174	0.514192
1.79924	0.431996
1.68418	0.235388
1.61536	0.181399
1.62967	-0.0868129
1.71639	-0.16693
1.53815	0.0503726
1.33299	0.266415
1.42594	0.108325
1.45305	0.0476802
1.319	-0.133108
1.07175	-0.0959311
1.402	0.0401646
1.4199	0.115015
1.48585	0.0193305
1.42653	0.0302621
1.49546	-0.128602
1.76439	-0.0531125
1.66557	0.145477
1.71281	0.136115
1.89447	-0.0389544
1.23122	-0.28561
0.543467	-0.439002
0.068259	-0.721903
-0.0698297	-0.81437
0.0342437	-0.791789
0.0753433	-0.631112
0.158507	-0.634433
0.259819	-0.827092
0.0266177	-0.904431
0.118433	-0.785228
0.557578	-0.638293
1.63678	-0.124152
1.64247	0.0952824
1.44748	0.231274
1.73544	-0.00627928
1.71392	-0.0329118
1.67667	0.0093288
1.71541	0.00503814
1.5566	0.0804409
1.56837	0.0746291
1.9145	0.134714
1.93377	0.0460356
1.27507	0.0946146
1.38846	0.072846
1.50783	-0.211675
1.34487	-0.277919
1.20451	-0.325676
1.43403	0.181776
1.56264	0.273176
1.7576	0.532885
1.67375	0.662217
1.07557	0.369966
1.46908	0.457462
1.87815	0.268095
1.74951	0.0922849
1.43703	0.0926435
1.24022	0.119014
1.44565	-0.183911
1.33576	-0.201388
1.33475	-0.204932
1.17674	-0.00361589
1.34232	-0.0496619
1.70943	-0.152461
1.85616	-0.0315795
1.77153	0.0395819
1.28694	0.198604
1.19776	0.104052
0.432136	-0.247949
0.145671	-0.443887
-0.00619344	-0.507088
-0.0769839	-0.397612
-0.213087	-0.546603
-0.45716	-0.72776
-0.450379	-0.633299
-0.250247	-0.540123
-0.2324	-0.691154
-0.143746	-0.744245
0.43048	-0.562827
0.782799	-0.201951
0.995317	-0.243072
0.994023	-0.180153
1.08635	-0.221305
1.24294	-0.304454
0.990719	-0.149119
0.936353	-0.0463084
1.28912	-0.258504
1.45133	-0.285309
1.52877	-0.211776
1.03757	0.0116283
1.36751	-0.10628
1.74889	-0.355943
1.91037	-0.411283
1.44214	0.0693219
1.5731	-0.011981
1.89023	-0.316951
1.87072	-0.279682
1.50112	-0.191949
1.31766	-0.052915
1.82214	-0.318243
2.10572	-0.473716
2.16122	-0.330375
1.43061	-0.0395809
1.20373	0.262994
2.00094	-0.23755
1.90336	-0.119061
1.8373	0.0100924
1.26247	0.235957
1.45889	0.229759
1.72005	0.0496126
1.56017	0.0136347
1.69742	-0.0670469
1.13112	-0.183379
1.03453	-0.306037
0.959932	-0.245599
1.08722	-0.0864149
1.28841	0.0125334
1.65191	-0.0344355
1.65054	-0.0971942
1.35189	0.0891794
0.886103	-0.0470907
1.05598	-0.0353411
1.23118	-0.0535447
1.47469	-0.0490392
1.4594	-0.0653663
1.29006	-0.199494
1.43111	-0.167732
1.30668	-0.18427
1.20249	-0.217792
1.27524	-0.104672
0.977079	0.172542
0.654021	0.170094
0.145924	0.0512064
-0.179053	-0.107143
-0.152044	-0.144969
-0.169948	-0.506775
-0.245237	-0.431449
-0.33991	-0.465795
-0.406293	-0.454684
-0.522747	-0.334384
-0.668427	-0.29406
-0.519536	-0.397557
-0.342615	-0.568535
-0.316004	-0.664738
-0.501287	-0.503211
-0.405179	-0.533502
0.14385	-0.363015
0.535994	-0.240141
0.740585	-0.0800491
0.764806	-0.0676932
0.642524	0.00493118
0.599631	0.182095
0.709427	0.0871866
0.833997	0.0752446
0.622213	0.0935885
0.331386	0.163059
0.295824	0.123426
0.419078	0.153902
0.181854	0.068393
0.178557	0.121131
0.127309	-0.0591881
0.0056973	-0.117979
-0.207214	0.0222747
-0.152414	0.0773181
-0.0732629	0.120001
0.0744476	0.142328
0.211747	0.309786
0.386394	-0.286962
0.277409	-0.278086
0.470696	-0.491516
0.453215	-0.576136
0.282468	-0.597522
0.745455	-0.661046
0.624597	-0.578251
0.646731	-0.680956
0.549259	-0.692467
0.229516	-0.662383
0.371817	-0.56393
0.435565	-0.295832
0.579169	-0.272828
0.518029	-0.0672578
0.620605	-0.0524218
0.520286	-0.199065
0.506293	-0.364831
0.714176	-0.293644
0.953641	-0.0895472
0.861471	-0.41121
0.965399	-0.495473
1.18932	-0.499708
1.30811	-0.282191
1.24729	-0.00932484
1.12311	-0.149177
0.783695	-0.630183
0.852836	-0.738947
0.660426	-0.605289
1.20908	-0.553774
1.10324	-0.276744
1.03759	-0.152084
1.26422	-0.244416
1.33055	-0.0879156
1.49635	-0.363144
1.52406	-0.510073
1.44888	-0.475982
1.39955	-0.386229
1.45156	-0.553335
1.60701	-0.731213
1.70043	-0.812954
1.56471	-0.685325
1.48255	-0.510978
1.91172	-0.709183
1.92235	-0.694928
1.77668	-0.551026
1.45767	-0.191225
1.50145	-0.103143
1.53737	0.0475929
1.54151	0.103876
1.17484	0.176131
0.714054	0.144262
1.50435	-0.0718804
1.52255	-0.00669497
1.40915	-0.0409205
1.22919	-0.161264
1.22532	-0.192828
0.884173	-0.44621
0.396802	-0.758335
0.503962	-0.74152
0.749415	-0.284404
1.23937	-0.163453
1.4863	-0.278315
1.43513	-0.337999
1.39792	-0.278919
1.43586	-0.384941
1.54971	-0.452457
1.72078	-0.486821
1.84681	-0.321136
1.56467	0.0179016
1.66996	0.0327135
2.00612	-0.255398
1.86918	-0.36195
1.49143	-0.25207
1.19609	-0.296148
1.20877	-0.434956
1.03056	-0.415948
0.882273	-0.454633
0.724444	-0.315222
0.765154	-0.369126
0.868682	-0.370999
1.09374	-0.490655
1.23469	-0.415175
1.06886	-0.0232561
1.4682	-0.225085
1.6681	-0.490522
1.49354	-0.322358
1.42717	-0.184678
1.37685	-0.606727
1.4576	-0.612921
1.55569	-0.300112
1.7045	-0.0780282
1.49794	0.09158
1.76732	0.0582529
1.68436	0.15721
1.76921	0.13066
1.90335	-0.0156062
1.88775	0.0165278
1.71867	-0.122965
1.7115	-0.225339
1.4485	-0.0654368
1.00959	-0.0546277
1.5475	-0.467718
1.43678	-0.500559
1.35232	-0.344992
1.36281	-0.292169
1.15043	-0.260445
1.11137	-0.326948
1.04114	-0.532368
1.04372	-0.758629
0.91208	-0.780786
0.664375	-0.598993
0.317079	-0.774608
-0.0258214	-0.96378
-0.306117	-0.643827
-0.237982	-0.236637
-0.162773	-0.302362
-0.478596	-0.220991
-0.950132	-0.334714
-0.881486	-0.298827
-0.912809	-0.298424
-0.889926	-0.337607
-0.832661	-0.325684
-0.753865	-0.394656
-0.764286	-0.437112
-0.785933	-0.464555
-0.711869	-0.410656
-0.790175	-0.379683
-0.613579	-0.510171
-0.509098	-0.519601
-0.391469	-0.62079
0.00278015	-0.860325
0.2503	-0.724973
0.0780009	-0.43817
0.365083	-0.661766
0.619744	-0.80004
0.532458	-0.730679
0.527152	-0.696752
0.414342	-0.813193
0.4744	-0.694747
0.678703	-0.633122
0.738798	-0.84732
0.754993	-0.934422
0.746779	-0.758335
0.693615	-0.790045
0.419359	-0.700306
0.305555	-0.731147
0.455822	-0.574731
0.598082	-0.696248
0.666106	-0.597704
1.01668	-0.164262
1.47553	0.0742336
1.90749	0.475044
1.91558	0.426837
1.93696	0.315828
1.96146	0.279606
1.44641	0.286611
1.79387	0.431077
2.09718	0.246809
2.04813	0.227196
1.34462	0.38413
1.20948	0.436715
1.30439	0.509087
0.955944	0.500166
0.669783	0.601917
0.617064	0.509811
0.641989	0.261607
0.78582	0.158009
0.967271	0.047038
1.12064	0.0757471
1.24796	0.372983
1.5397	0.453823
1.81006	0.330281
1.72403	0.31537
1.55127	0.402678
1.61421	0.21187
1.80796	0.103227
1.8172	0.0821118
1.71268	0.124526
1.45294	-0.194092
1.63392	-0.291822
1.52693	-0.282054
1.28854	-0.149029
1.10453	0.100491
0.847322	0.161305
0.79222	0.122631
0.375761	0.109816
0.0865799	-0.0655587
-0.145592	-0.0128761
-0.0494098	-0.143837
0.0285519	0.00955965
0.273545	0.0116629
0.567578	-0.138594
1.26927	-0.113278
1.43904	-0.105587
1.45396	0.112856
1.37294	0.216882
1.19655	0.236035
1.60008	-0.0123159
1.7062	-0.358729
1.63486	-0.591137
1.48371	-0.612781
1.43198	-0.380247
1.37106	-0.530841
1.34435	-0.696479
0.935506	-0.516783
0.782422	-0.0881018
0.670794	-0.351841
0.776284	-0.58196
0.868895	-0.566588
0.83043	-0.275575
0.972398	0.0246802
0.732497	-0.278348
0.486981	-0.076796
0.112773	0.0335821
-0.304966	-0.0117826
-0.324421	-0.316895
-0.331358	-0.479849
-0.123802	-0.641126
0.168379	-0.591245
0.133065	-0.623337
0.141912	-0.817907
0.0540353	-0.713832
0.13339	-0.495933
0.0797368	-0.438527
-0.264757	-0.461173
0.24058	-0.234599
0.968473	0.167583
1.02216	0.356384
1.15584	0.137148
0.938648	0.275783
0.90471	0.511995
0.84554	0.548784
0.743844	0.278532
0.368966	0.310859
0.354889	0.365342
0.105967	0.251909
0.0473868	-0.104104
-0.0029523	-0.221507
-0.127638	-0.144823
-0.227485	-0.158346
-0.00799284	-0.177128
0.423747	-0.0585218
0.623474	-0.18718
0.572618	-0.505475
0.433468	-0.627429
0.588791	-0.605746
0.59192	-0.647112
0.665191	-0.601954
0.600613	-0.553975
0.524177	-0.482873
0.458629	-0.631859
1.46234	0.062279
1.85105	0.19455
1.91846	0.18809
1.9134	0.323277
1.07009	0.373391
1.05013	0.256098
1.93271	0.283702
2.00143	0.258576
1.59241	0.279331
1.40002	0.268811
1.72842	0.282128
1.62706	0.264612
1.69285	0.215641
1.83553	0.137827
1.88335	0.0617423
1.92603	-0.0797236
1.97182	-0.179572
2.00253	-0.0118541
1.68941	0.0849412
2.07092	0.139549
2.32858	0.0400419
2.30149	0.159187
2.23223	0.219995
1.90364	0.265977
2.07056	0.231815
2.40285	0.0858294
2.18826	0.278831
2.06346	0.136471
2.02081	-0.123124
2.02245	-0.130528
2.19082	-0.125516
2.1187	-0.0921426
1.83825	0.050072
1.96975	-0.190554
1.83701	-0.259837
1.63267	-0.179685
1.60375	-0.134384
1.55615	-0.239869
1.47029	-0.23785
1.37082	-0.211719
1.32485	-0.113273
1.18818	-0.0512441
1.23253	-0.121119
1.2425	-0.207898
1.14299	-0.215861
1.14579	-0.238267
0.851591	-0.0925537
0.900267	-0.101904
0.927314	-0.116634
0.980691	-0.137469
0.956251	-0.119787
1.03094	-0.191663
1.06949	-0.23427
1.20067	-0.374399
1.24977	-0.321547
1.08126	-0.0472245
1.28038	-0.0266266
1.19215	0.0329784
0.692501	0.27492
0.341015	0.364062
0.30503	0.257715
0.0904204	0.292527
0.108948	0.191742
0.221032	0.170434
0.40836	-0.0112163
0.417318	0.00620135
0.56049	0.0658053
0.938569	0.0794663
1.37469	0.0169583
1.55451	-0.00306476
1.48431	-0.0688205
1.48782	-0.166826
1.37866	-0.217029
1.24	-0.0875045
1.41751	-0.312821
1.4224	-0.250065
1.41439	-0.197783
1.19185	-0.116991
1.07973	0.0400522
1.60503	-0.260035
1.77197	-0.381877
1.59108	-0.318692
1.33869	-0.177068
1.27051	-0.247699
0.986715	-0.870646
0.895174	-1.03449
0.818751	-0.994361
1.026	-0.560511
1.18916	-0.322375
1.38507	-0.324849
1.52545	-0.28935
1.1801	-0.000355872
1.09332	0.0881906
1.75748	-0.319708
1.9143	-0.144325
1.70314	0.28164
1.25002	0.447558
1.57688	0.347402
1.62104	0.286407
1.66483	0.318714
1.83178	0.201054
1.69733	0.184377
1.79	0.149803
1.54776	0.112866
0.998468	0.198928
0.597913	0.189989
0.45559	0.225794
0.462121	0.204444
0.652467	0.177704
0.894969	0.121755
0.959987	0.10458
1.08774	0.147832
1.74181	-0.073424
1.68548	-0.0232749
1.24876	0.154965
1.37008	0.101276
1.60236	-0.352851
1.5402	-0.521516
1.28272	-0.464059
0.947562	-0.342104
1.70062	-0.696612
1.81915	-0.741991
1.65944	-0.479159
1.50516	-0.345474
1.62744	-0.270456
1.98178	-0.441025
1.97344	-0.346325
1.85651	-0.176642
1.39788	0.131525
1.76495	-0.0432971
2.01811	-0.0708809
2.14394	0.0306995
1.69681	0.245319
1.56075	0.207252
1.91224	-0.105372
1.81786	-0.0578698
1.77989	0.00954459
1.52863	0.176006
1.39512	0.138718
1.49269	-0.134374
1.32917	-0.215659
1.23998	-0.0283352
1.04325	-0.0730606
1.0828	-0.0145229
0.924806	-0.132019
0.884715	-0.218667
0.83793	-0.217639
0.773763	-0.120313
0.711336	-0.186177
0.793774	-0.299127
0.894047	-0.427446
0.868775	-0.294552
0.199184	-0.108821
-0.396126	-0.286599
-0.643991	-0.539887
-0.73273	-0.541615
-0.780855	-0.418893
-0.901094	-0.532497
-0.819628	-0.468447
-0.731801	-0.513492
-0.820576	-0.364117
-0.760608	-0.598934
-0.781891	-0.427993
-0.843772	-0.431096
-0.922486	-0.295023
-0.872216	-0.315127
-0.816283	-0.408201
-0.838989	-0.384248
-0.724342	-0.359309
-0.740685	-0.478533
-0.421321	-0.513231
-0.114383	-0.452062
0.394848	-0.526808
0.584822	-0.482711
0.570749	-0.473292
0.698679	-0.612534
0.745667	-0.633947
0.752298	-0.602385
0.696578	-0.618341
0.653625	-0.719807
0.821571	-0.742458
0.881686	-0.837792
0.713193	-0.74421
0.647575	-0.618745
0.855258	-0.737286
0.689319	-0.853009
0.667547	-0.813796
0.873152	-0.730901
