-9.0331	-1.96666
-8.34201	4.21973
-9.4556	2.4404
-5.40672	7.34007
1.13117	4.55865
3.05084	2.79092
4.21929	2.59445
0.125746	-2.80083
4.02376	-3.43399
-0.299479	-1.85831
-0.896317	-4.31276
-0.73871	-10.4703
-4.21391	-12.7131
-6.86298	-14.5995
-11.2608	-15.4462
-14.0466	-10.6581
-16.5981	-9.89477
-18.8263	-5.58043
-18.4347	1.76218
-13.0028	2.71016
-1.58115	2.73412
-7.96818	-2.1836
-7.09369	3.75725
-9.91506	-0.573644
-11.8376	-0.797343
-11.1514	-1.05759
-14.3703	-3.89851
-12.4223	0.49969
-13.6311	1.39322
-20.3341	-8.861
-22.2742	-9.61621
-23.1	-8.55911
-23.2828	-9.1215
-21.6643	-7.23859
-18.246	-7.32915
-9.04966	-4.38681
-8.95992	-1.77314
-9.54508	-3.69547
-9.51912	-4.75533
-8.39068	-4.46714
-7.6897	-3.84008
-9.62239	-6.77977
-11.5624	-8.94315
-8.357	-12.7431
-7.9742	-15.8313
-9.66934	-16.3544
-10.8584	-14.1332
-10.7206	-13.2962
-10.8522	-11.3044
-10.5076	-11.095
-7.75148	-8.66776
-4.57513	-6.70356
-3.50028	-3.87208
-5.92519	-1.46828
-3.84534	0.289236
-5.68617	-0.918468
-3.25077	2.71649
-1.31897	4.17543
-0.950425	0.397464
-6.43857	-5.21375
-9.57011	-12.0754
-15.0524	-9.27713
-14.2284	-10.3959
-13.6055	-10.5952
-14.4697	-8.85046
-13.8875	-9.86373
-14.3494	-6.6139
-9.67307	-1.98242
-6.07507	-3.37992
-4.94807	-1.70722
-9.83216	0.278997
-13.3653	-3.05268
-12.89	-6.21963
-14.9569	-3.21936
-13.1672	-4.85383
-12.9624	-4.69612
-12.5161	-2.68347
-12.5382	-1.28259
-10.2189	-2.792
-7.32907	-5.31918
-5.63329	-6.60688
-3.5025	-4.94155
-4.28598	-0.752552
-2.63133	-2.51507
-2.20301	-4.42558
-2.26538	-3.17036
-5.63225	-1.51343
-3.36676	-4.07735
-1.56095	-1.70605
-3.83768	-0.190741
-2.16954	-1.94713
-1.65997	-4.9818
-2.66519	-3.55309
0.444293	-5.14567
-0.324763	-1.41449
-0.532583	0.0321558
-0.244436	5.4367
1.08275	10.3066
-3.42845	8.85433
-4.66517	8.18103
-7.03891	1.16793
-9.58391	4.02124
-8.38289	2.88633
-10.4593	-0.22701
-8.58972	1.50365
-9.04443	9.62183
-8.8457	3.33746
-9.09464	4.04036
-10.4649	-0.0997961
-11.6106	3.93358
-12.1993	5.17393
-11.419	-1.28887
-5.58715	8.76971
-11.2754	5.17934
-12.7038	6.04089
-6.03353	1.81757
-3.53628	-3.95656
-5.91928	-8.54535
-5.63818	-13.7203
-7.47313	-14.3549
-10.6505	-15.8186
-14.6394	-8.96254
-17.5911	-24.2698
-19.9047	-23.7618
-21.5609	-23.1714
-21.9411	-22.0287
-23.1091	-22.6535
-24.6811	-22.4027
-24.1729	-19.0257
-24.2197	-17.2479
-20.6986	-17.8672
-20.5898	-16.9359
-17.6941	-13.6854
-16.5383	-11.39
-14.3396	-9.07196
-12.5902	-8.48613
-13.2379	-3.80803
-15.1265	0.478942
-9.74925	-2.41827
-7.2565	2.49259
-8.7999	2.01254
-8.25176	5.10854
-12.308	7.81428
-13.8619	2.66185
-15.1456	4.44234
-16.4887	2.95544
-14.49	0.0337549
-11.3861	4.01309
-8.17655	1.22827
-7.00162	7.54246
-4.68347	4.73686
-2.63149	2.92185
-1.49851	8.97321
0.0243049	3.1682
-3.63837	2.80292
-1.70122	2.50109
-6.91195	-1.21428
-2.4993	-7.38747
-4.18148	-6.7837
-3.03307	-10.8872
-10.0125	-12.1573
-14.149	-11.0042
-16.2173	-9.20424
-20.292	-8.58539
-17.9146	-7.43182
-10.1015	-0.65911
-6.70848	0.178958
-8.3338	0.665565
-12.0497	-0.552803
-9.37687	-2.77836
-9.6499	-5.10233
-11.2829	-5.42467
-11.6817	-1.84104
-20.7059	-15.0515
-20.2549	-17.9604
-21.7965	-16.3028
-19.3661	-16.9493
-18.4295	-18.0416
-18.5462	-15.3264
-15.762	-8.35112
-8.71557	-10.0296
-8.76476	-12.5244
-8.57335	-6.71362
-3.46818	-10.7169
-11.7422	-11.5927
-16.8555	-14.2407
-21.0895	-13.2622
-20.9579	-13.4054
-18.7627	-17.0731
-19.4243	-12.2977
-16.0152	-13.5424
-12.4378	-11.266
-6.23908	-10.2648
-7.21671	-9.12741
-5.65147	-7.87036
-4.70458	-6.31558
-0.686748	-6.32505
1.95438	-2.7313
0.317859	-6.38892
1.30929	-1.59657
-3.01726	-2.68874
-5.44716	-9.88013
-12.0318	-1.42284
-12.7159	0.918656
-8.91178	-0.144187
-15.0494	-5.52315
-21.5558	-7.91054
-15.2486	-3.25479
-14.8422	-8.23965
-16.6634	-15.4459
-18.8611	-13.9771
-15.567	-15.0309
-11.6011	-8.81565
-10.0995	-4.18647
-6.74483	-2.87955
-2.02972	3.87578
-9.54256	-2.89638
-9.04647	-1.74621
-6.64316	5.50414
-7.87346	-0.225347
-13.9295	-0.15271
-10.4886	4.36898
-14.9753	-1.84904
-18.3844	-2.39712
-19.1794	-3.60974
-19.2586	-2.09799
-17.195	-0.752591
-18.1113	-0.23361
-17.1579	1.11541
-16.3562	-4.86049
-11.6003	1.8087
-4.52076	1.82287
-9.11168	4.49086
-5.58448	3.16359
-6.84314	0.904162
-3.52864	1.99539
-2.79137	4.7927
-3.11753	4.78056
-4.71184	3.63531
-4.61857	5.66983
-1.29945	9.76686
-4.09931	10.5195
-2.43479	8.53499
-5.06929	3.79779
-7.55928	5.61552
-9.75601	9.04785
-11.1691	-0.678554
-10.3136	6.88377
-11.0106	11.2031
-14.9357	4.38532
-9.32736	0.280621
-10.5407	2.23037
-11.6203	7.75052
-2.32394	8.21886
0.232619	2.5893
-2.27299	-1.78808
-1.99021	-4.04709
-4.07582	-3.33208
-8.85416	-6.50153
-12.0691	-9.74859
-14.6586	-10.6415
-15.0288	-14.0699
-15.8148	-17.198
-16.1339	-19.7806
-14.9335	-22.0563
-14.4364	-23.0885
-14.9924	-24.5363
-15.5602	-26.2958
-15.7761	-27.2923
-15.4475	-25.328
-14.9129	-21.4236
-16.0329	-17.135
-14.9585	-15.165
-14.2764	-11.393
-8.45428	-5.18629
-6.484	-8.78327
-5.41809	-5.33874
-5.69345	-8.77733
-3.88709	-4.03401
-0.956325	-5.13226
-0.0119632	-3.33471
0.399471	-4.99376
-2.25786	-1.73428
-2.3539	0.180795
-9.17538	-4.05415
-8.5029	-10.0842
-11.2156	-10.4995
-10.9936	-12.3791
-8.63928	-12.1199
-7.36133	-11.0056
-7.15125	-5.92698
-8.89334	-7.62794
-9.35034	-7.17939
-8.05213	-11.1649
-8.60185	-7.18933
-8.45153	-7.71853
-9.5133	-7.7292
-11.0177	-4.75146
-14.6827	-5.98224
-15.9989	-4.94977
-17.9688	-3.8333
-16.7789	-6.04193
-18.0066	-4.83988
-13.9215	-6.9916
-11.3927	-8.26447
-10.9572	-9.88554
-9.31443	-11.7173
-7.59474	-12.2025
-7.95611	-11.5551
-5.6169	-13.4676
-4.69712	-10.1831
-1.57673	-4.37717
-8.77964	-4.60165
-5.65332	-3.87619
-7.02058	-11.5651
-9.99865	-9.82667
-11.1356	-8.53671
-12.0047	-8.96441
-14.6322	-7.12523
-13.2723	-8.18871
-15.6606	-6.70381
-14.8893	-7.79989
-12.4518	-12.0125
-13.8459	-10.637
-15.2198	-8.62227
-14.1122	-11.0657
-14.0582	-8.67281
-13.5109	-7.33697
-14.1908	-5.47552
-12.2262	-6.20463
-9.45463	-7.07724
-9.01285	-9.22263
-6.26732	-7.55277
-4.82361	-3.79612
-2.34955	-4.63768
-2.64685	-5.26259
-2.81903	-0.672278
-5.35349	1.36279
-9.12753	4.2877
-10.8625	1.7778
-10.5398	0.223768
-11.9185	3.70445
-11.6576	3.44638
-12.615	2.2213
-11.262	2.45655
-9.16968	4.27874
-9.31246	8.23499
-7.91239	1.53791
-11.3027	2.6778
-11.2461	6.99895
-7.62724	-5.85337
-8.35025	-9.45073
-18.0737	-22.0494
-18.9002	-24.6453
-18.1714	-22.7381
-17.3271	-21.0014
-14.0527	-18.6512
-6.92478	-5.86034
-6.54275	-9.4428
-6.73799	-10.0974
-5.53645	-6.42075
-6.89338	-6.26503
-9.247	-8.16131
-11.587	-4.21898
-8.71294	-2.3244
-9.28994	-8.88116
-13.0587	-10.3663
-8.58944	-14.34
-13.3971	-19.5807
-17.6731	-21.4525
-18.347	-21.6234
-19.6123	-19.0631
-20.5868	-15.1161
-15.6786	-5.28501
-20.3656	5.4657
-17.9125	-11.0102
-20.7376	-13.1936
-16.6811	-3.17055
-17.884	-12.1187
-19.1488	-14.2264
-20.566	-13.3891
-21.3292	-14.9364
-22.8391	-14.1858
-20.9482	-14.6014
-21.9122	-13.5314
-22.3422	-11.708
-17.1982	-4.94784
-14.6155	-2.57109
-8.05	-0.0110652
-0.255283	0.220016
-3.39467	-3.70257
-1.81176	-5.63399
-3.17313	-1.77376
-5.77681	-2.72079
-5.44235	-4.06949
-5.11468	-4.28468
-5.3552	1.18319
-3.25788	-1.65698
-14.5384	-7.18386
-14.0415	-9.20076
-11.6108	-9.07151
-6.67794	-9.61923
-6.74635	-8.37661
-4.84123	-10.5389
-2.55642	-9.04094
-0.837689	-10.1548
2.75821	-7.95844
5.59011	-6.5389
2.27924	-3.16426
1.26811	-4.90185
1.58589	-6.27297
1.27048	-7.39595
0.206431	-10.3318
-4.31506	-8.80305
-2.46605	-9.03761
-8.42937	-4.10976
-9.84049	-4.51517
-9.55907	-2.78824
-5.67187	-5.51322
-8.42036	-2.3475
-7.71381	-2.13678
-3.87209	-6.09185
-1.7631	-7.90064
-0.489355	-9.43412
-0.769899	-7.88955
-2.09125	-7.31053
-4.28387	-6.10251
-5.60263	-6.85398
-7.93165	-8.15985
-9.42041	-8.3407
-12.6923	-10.8323
-16.4461	-13.4956
-19.3709	-10.1424
-22.5491	-10.7325
-21.9003	-14.3497
-21.6948	-13.838
-21.0858	-17.0897
-21.1359	-18.3008
-22.7987	-18.7902
-23.1163	-17.5468
-19.8222	-23.0566
-19.2387	-23.8954
-19.5883	-22.9956
-16.7967	-21.9319
-15.8202	-20.5645
-15.4422	-14.5369
-14.2142	-4.3594
-9.14371	-4.13831
-10.9106	-6.20885
-10.5219	-7.75556
-13.6334	-5.11012
-23.7005	0.00618894
-16.4495	0.745948
-11.6575	-8.52829
-16.6803	-10.3749
-17.3239	-8.58526
-15.8346	-7.98928
-13.2428	-7.34984
-12.7487	-3.7023
-13.5073	-1.11688
-11.7602	2.51418
-6.26868	-4.68433
-7.84557	2.07724
-11.287	1.96288
-6.07228	-0.449485
-11.4235	-8.67701
-11.8371	-5.55288
-13.7726	-7.36138
-11.7766	-7.12639
-12.2001	-7.82357
-7.2508	-3.26315
-5.43596	-5.64386
3.0795	-3.04352
-1.54873	-6.38947
-7.85239	-9.06625
-1.71828	-3.93189
-1.09849	3.11584
-4.91309	2.95302
-7.25332	-2.20977
-7.99155	-3.13
-7.46669	2.20267
-13.6116	-7.05313
-16.4665	-5.7546
-15.369	-6.6358
-15.0683	-6.33367
-11.2371	-7.63736
-9.98323	-7.25225
-9.01182	-6.22877
-9.72312	-6.20666
-9.91333	-5.85259
-9.67572	-5.80301
-11.0807	-7.26483
-9.82039	-8.77352
-11.9626	-7.02178
-11.5342	-7.96518
-9.89803	-7.87392
-9.19336	-7.98522
-5.03041	-9.32406
-2.33884	-8.1586
-0.0828375	-6.54753
1.47927	-4.48134
2.4461	-2.61234
0.700082	-0.504595
0.438083	-1.43376
-8.03783	0.212377
-9.69715	-5.14169
-11.3702	-7.91795
-14.5129	-9.49322
-17.5053	-9.53064
-18.4921	-8.75551
-20.1853	-10.3062
-20.4222	-9.93342
-20.5229	-9.63502
-20.6693	-11.058
-18.7817	-10.529
-7.78314	-1.61108
-6.65362	-4.29587
-5.24993	-5.09086
-9.4593	-5.05821
-6.7898	-4.16735
-15.0724	-13.8505
-19.5428	-19.8963
-21.4513	-17.174
-22.0616	-16.0896
-20.0525	-17.4411
-19.3701	-17.1206
-17.2954	-18.0655
-15.6911	-18.1748
-15.1185	-15.3617
-12.1536	-15.3664
-10.0145	-8.15599
-9.0802	-3.00019
-6.09685	2.18149
-7.13655	2.15957
-6.82849	6.32439
-15.6942	-6.75856
-16.4074	-6.84803
-16.6367	-7.64727
-18.5526	-13.5483
-18.5671	-17.4837
-19.5476	-16.5552
-20.4785	-16.7725
-22.1417	-14.2712
-22.3664	-13.3723
-21.9622	-13.738
-22.0378	-16.514
-22.5004	-19.1557
-19.5843	-18.4774
-16.6361	-22.8762
-17.2076	-22.4423
-19.4541	-21.1852
-16.8143	-24.6522
-14.4962	-22.178
-17.9983	-24.6226
-16.8602	-22.8488
-18.4743	-21.2274
-18.7713	-20.4783
-17.4513	-19.5384
-18.1571	-16.3241
-14.342	-10.1994
-8.12187	-1.14014
-12.5746	-3.47894
-10.7725	-2.4796
-12.2778	-6.68502
-10.5495	2.6816
-11.0963	2.05291
-11.7406	2.81225
-12.4793	2.20926
-9.89491	-1.40207
-8.42886	6.69562
-6.61068	7.47442
-9.32381	2.44707
-11.506	4.61777
-13.5824	3.67595
-11.3351	1.20484
-11.6649	2.30348
-8.24523	5.03194
-10.5493	2.81504
-10.2935	5.31204
-10.4851	-1.05871
-10.3834	2.48494
-10.9975	-2.45923
-10.5591	2.46489
-12.7114	-18.4492
-19.6555	-25.4463
-22.6066	-23.0625
-21.8346	-19.2679
-21.3769	-18.0498
-18.2886	-19.4175
-15.0827	-12.1628
-4.5853	-11.3803
-10.2285	-8.08486
-10.6921	-6.4485
-11.9701	-8.9396
-11.7585	-8.65468
-11.0542	-4.76327
-15.3013	-12.4651
-17.7144	-16.7411
-19.0209	-15.6983
-19.9278	-13.756
-18.738	-11.8311
-18.1794	-11.3594
-13.6309	-10.0982
-12.5487	-10.5545
-19.5415	-8.68256
-20.2339	-6.66495
-20.418	-7.02189
-20.3764	-4.58266
-21.1154	-4.50602
-21.5086	-2.57817
-20.2847	-3.8602
-19.9337	-4.70598
-19.6108	-5.48317
-16.4916	-3.08896
-10.5979	-2.04393
-8.49321	-3.11658
-8.22102	-2.79652
-7.97366	-2.95723
-9.81382	-4.04309
-15.4561	-6.70012
-11.8305	-7.88313
-8.51571	-11.1913
-8.46282	-12.0648
-6.26713	-9.87013
-7.23907	-7.8102
-5.8953	-7.47191
-6.76756	-4.02069
-2.74824	-7.03414
-0.918927	-6.02534
-0.724117	-4.6526
-2.41757	-5.50333
-5.45558	-4.42804
-6.67848	-6.45854
-10.0063	-9.4923
-12.6067	-8.22307
-12.0836	-10.6374
-11.476	-12.1875
-9.83126	-10.037
-7.90519	-7.22712
-2.78797	-7.87267
-5.67156	-9.96977
-4.80609	-9.75169
-4.71597	-8.23575
-3.13984	-9.76853
-3.28707	-10.1594
-3.13378	-10.2639
-2.32066	-11.0669
-2.05807	-12.7525
-3.34142	-12.8959
-3.39181	-12.9405
-8.47964	-15.4471
-10.2447	-18.1219
-13.1889	-20.3073
-15.5699	-19.8114
-18.3515	-19.8307
-19.7169	-18.8423
-20.1096	-16.7601
-22.0605	-15.974
-23.1271	-14.017
-23.8975	-16.4631
-26.9694	-14.1363
-29.7911	-14.771
-25.907	-14.4702
-27.4154	-15.9078
-26.3469	-17.4429
-25.344	-18.6013
-24.3164	-18.0388
-28.1312	-16.47
-31.1284	-14.0303
-30.1453	-11.6678
-24.2131	-11.3332
-20.1618	-6.72943
-24.6891	-3.86633
-23.2634	-0.369725
-21.7669	-7.57198
-14.9744	-4.51672
-12.5657	-0.793465
-20.339	-9.04028
-22.54	-12.0573
-13.9156	-0.63912
-13.5615	1.48086
-12.5097	0.718652
-12.241	1.9312
-10.6976	2.66153
-3.70171	2.23589
-13.6293	-15.3666
-16.2977	-22.1371
-17.1829	-22.6341
-14.0632	-20.6861
-12.3711	-12.7546
-6.12288	-3.2543
-4.92549	-1.60157
-6.28006	-1.88022
-5.687	-3.03471
-5.86261	-2.39154
-6.23962	0.569334
-5.31107	-2.4899
-14.1561	-6.34735
-15.7133	-2.55541
-16.0784	-0.780516
-15.1247	-0.778041
-15.1443	-0.445782
-12.5523	-3.22851
-9.55307	-5.84416
-9.37206	-6.21663
-8.47689	-6.51049
-8.42102	-3.91737
-7.55419	1.0076
-5.46922	-2.09908
-2.81263	-1.8725
-2.09204	1.04545
-4.67781	-0.647027
-3.37321	-0.0790847
-3.7813	-1.59223
-2.16894	-2.04335
-2.26087	3.62844
-3.05052	3.01544
-2.89208	10.0135
-2.80905	1.13915
-8.74078	-5.28995
-4.30385	-0.983569
-8.55975	-3.7559
-5.58952	-3.47089
-2.52502	-3.03993
-3.98829	-3.636
-1.52607	-1.74605
-3.92346	-3.61088
-2.82821	8.34247
-0.195706	2.85327
3.27777	8.84705
0.617902	6.32689
-1.80563	9.29108
-5.44206	6.43103
-11.5908	3.45553
-10.3036	5.37327
-8.49308	6.26594
-12.1419	9.96936
-10.004	5.74879
-11.2121	2.23612
-13.5862	5.11944
-12.426	6.84039
-13.6452	4.24015
-15.2399	4.22988
-12.4426	1.71012
-14.1289	4.63745
-11.8487	9.38091
-9.83602	0.841455
-11.5205	4.49559
-13.1708	6.62794
-14.1348	4.02342
-14.4698	4.35273
-12.9726	4.01901
-10.0895	2.23515
-12.3351	0.881835
-13.7916	1.56638
-10.8732	3.46561
-19.8157	-1.7541
-16.946	-5.03472
-12.7387	-7.85888
-19.264	-10.7743
-23.7713	-11.6238
-25.3575	-10.9091
-25.5876	-9.09507
-24.966	-10.3947
-25.6533	-13.2239
-18.632	-12.0862
-15.436	-3.2226
-13.2313	-6.75773
-13.1139	-10.479
-13.5398	-8.18545
-11.2105	-7.3531
-4.97464	-5.64931
-6.86242	-4.36662
-4.40996	-2.78027
-4.99836	0.388053
-3.64653	-2.20488
-11.4181	-2.94801
-11.6356	-11.1871
-15.7905	-19.2125
-16.9878	-19.8003
-18.3306	-20.5532
-16.3292	-20.3826
-16.6115	-21.3649
-16.547	-21.1047
-17.3837	-20.1057
-15.2005	-20.3416
-12.7744	-17.929
-11.3238	-13.3369
-8.21301	-10.012
-7.21418	-5.91363
-5.84729	2.3866
-4.1342	-2.87077
-3.81046	-5.14151
-3.18393	3.06429
-3.15759	0.180926
-5.0739	-1.90286
-8.07089	-8.0724
-11.0868	-14.838
-17.7809	-16.6641
-16.4392	-23.5652
-18.0331	-27.04
-19.9328	-27.1176
-20.0066	-27.0842
-19.2867	-27.2277
-18.344	-26.7221
-17.3686	-28.3874
-16.273	-27.4383
-14.3561	-23.1566
-5.86967	-15.4172
-7.72427	-17.0924
-4.45034	-10.9919
-4.96904	-8.26021
-6.24698	-13.2416
-3.25962	-14.1876
-2.17692	-9.85768
-3.41856	-12.3605
0.515704	-14.7659
-3.99318	-12.969
-7.26882	-15.5641
-9.14783	-12.8458
-9.69765	-13.2373
-9.07143	-12.7904
-8.30875	-12.5931
-8.71527	-10.2725
-9.49343	-10.3808
-15.4791	-12.7222
-19.0014	-12.5296
-19.2869	-11.4448
-19.9664	-9.81967
-19.0635	-9.60907
-17.6973	-10.0917
-14.3032	-11.1673
-12.5976	-7.60292
-9.83545	-1.45794
-7.77764	-6.47867
-6.66237	-1.81459
-12.1068	-3.11628
-14.3154	-2.3977
-13.1422	-1.9828
-23.2653	2.55357
-20.1777	2.53091
-24.3661	-6.04484
-12.6914	-9.51677
-18.9415	-8.82263
-20.6956	-10.7819
-20.0691	-14.2915
-20.7847	-14.4777
-19.6701	-16.4747
-19.0762	-13.4535
-16.3389	-11.7391
-14.0458	-10.9423
-13.6082	-6.636
-10.1606	-3.71136
-3.99273	-5.42515
5.56675	-8.23799
1.98995	-4.8657
1.64569	-6.85808
1.02782	-2.84887
-3.31455	-11.4401
-12.7244	-9.80043
-14.4518	-13.7955
-20.038	-16.2349
-21.0762	-17.5996
-20.2981	-16.7407
-21.532	-16.6512
-22.167	-16.0931
-20.9207	-15.7402
-19.6606	-16.2992
-15.3252	-15.9525
-15.0898	-17.3802
-11.0103	-14.8198
-9.14439	-9.94698
-7.54475	-5.75813
-7.73641	-6.86337
-5.04967	-5.56534
-5.35851	-7.29276
-5.41309	-3.38107
-2.70852	-3.32835
-2.89796	1.90119
-6.99796	0.986835
-4.02116	-1.79809
-5.73899	-0.0658348
-5.18797	7.00533
-4.68829	3.87739
-7.3713	6.13525
-13.2661	-6.7357
-14.2112	-6.68335
-20.1304	-9.8857
-19.843	-10.0487
-20.5077	-8.65576
-21.1626	-7.6331
-20.4019	-6.99037
-20.71	-5.96183
-18.9371	-4.42248
-17.48	-3.54139
-13.9798	-6.25794
-11.5676	-4.01245
-10.2007	-0.729313
-6.16874	0.547811
-7.78867	-3.58308
-5.15422	-1.74596
-4.04409	-5.00698
-5.03604	-2.7395
-4.87029	-2.3043
-7.20078	-1.09593
-3.71611	-4.62038
-4.03837	-0.272124
-4.04466	-2.08073
-3.19208	-0.0409186
-4.42251	5.70358
-11.7883	-10.2955
-7.60295	-4.5877
-8.85554	-15.1551
-3.67599	-6.86317
-7.20611	-8.92513
-2.67382	-4.33203
-2.47384	-7.00122
-9.5688	0.576369
-4.0465	-2.00202
-7.71641	-6.3015
-7.67147	-6.22287
-10.6196	-4.34363
-11.861	-10.4011
-5.71155	1.50897
-5.8132	5.92748
-2.53381	1.52086
-3.57043	9.29114
-5.52431	7.0215
-9.60188	1.77937
-6.39757	8.93363
-11.0758	1.44712
-10.9375	7.77279
-8.77776	5.65107
-11.8112	3.5785
-14.0541	2.34902
-15.278	-11.3105
-15.8276	-17.7967
-16.4927	-15.1462
-14.4349	-11.0259
-11.1651	-10.436
-11.6711	-2.23596
-11.0062	0.911564
-10.4719	1.27743
-8.44694	-3.19717
-7.86795	-9.11366
-15.3813	-15.01
-14.7438	-20.8666
-16.5681	-23.701
-17.3292	-24.3681
-17.682	-22.876
-17.4434	-18.38
-16.0202	-14.9648
-13.7524	-11.5211
-4.9132	-9.15611
-3.30973	-2.97145
-6.06806	-6.54683
-4.18949	-2.65324
-5.68218	-3.47892
-5.37506	-2.1248
-11.181	-7.92438
-3.38887	-3.3689
-7.08855	-3.23815
-8.23864	-7.47325
-17.2705	-17.7529
-17.4787	-20.6367
-19.0045	-21.6586
-21.1605	-20.5387
-20.9149	-17.9682
-21.6614	-17.3113
-20.8581	-17.9036
-19.1593	-15.1322
-12.2802	-9.99536
-8.55894	-7.17851
-8.16182	-4.45604
-6.12411	-3.10399
-6.97373	-2.86982
-5.52055	-0.325987
-7.01209	-1.82433
-7.01046	-5.44312
-13.1877	-6.37678
-14.3383	-10.5992
-18.416	-11.4384
-19.2155	-11.2221
-19.4716	-11.7972
-16.9362	-11.8443
-16.9375	-11.7029
-17.6792	-9.24173
-15.9154	-9.13124
-16.0899	-8.77499
-16.9363	-6.82682
-18.7597	-8.75721
-18.5805	-9.06859
-17.9721	-9.91075
-16.2311	-10.6147
-15.8948	-13.2423
-15.1862	-15.9702
-16.3803	-16.184
-18.95	-16.2585
-21.4004	-14.3917
-22.0222	-11.769
-21.9122	-11.4475
-19.5023	-11.332
-17.7633	-13.8928
-18.5475	-13.5097
-20.0055	-12.2077
-19.3876	-11.7385
-15.6162	-13.7685
-16.9881	-12.7891
-17.1721	-15.1807
-19.8233	-12.0243
-17.7903	-15.8461
-21.1697	-15.5611
-22.2247	-18.5527
-20.3003	-17.5419
-20.738	-16.7285
-21.7312	-13.4412
-21.2988	-11.934
-20.2386	-10.548
-20.653	-11.7006
-20.875	-12.3458
-19.6643	-10.0743
-21.2625	-13.1211
-15.0551	-5.6215
-16.9493	-7.08833
-20.2462	-10.3504
-20.6474	-6.02278
-18.5949	-6.30922
-16.9732	-9.05568
-17.0225	-11.5054
-16.6859	-14.2596
-17.5467	-16.2342
-17.6583	-15.8495
-16.3679	-14.8052
-13.8493	-16.1342
-11.659	-14.9501
-11.7251	-14.6804
-1.67049	-5.02245
0.580383	-2.47751
-7.47478	-4.85231
-6.38163	-1.66288
-11.4085	-3.69094
-8.35222	4.40872
-12.4897	2.62934
-6.39921	-3.82832
-8.53263	0.936335
-11.3793	-1.67639
-12.9117	-1.38615
-18.148	0.168091
-17.5538	-3.96224
-2.93338	-0.277178
-13.8709	-6.68526
-18.0303	-8.16488
-20.3156	-10.2089
-17.9399	-11.6019
-8.49427	-2.9086
-8.22905	-4.13411
-10.0099	-4.16715
-9.84379	-5.46483
-9.86536	-4.41828
-18.3394	-14.4005
-22.0901	-7.81191
-20.2154	-6.94365
-17.5897	-6.90122
-15.3131	-12.3084
-11.757	-16.213
-8.3136	-19.5933
-6.03546	-22.2986
-4.95739	-21.7018
-4.24151	-22.4935
-5.36346	-23.134
-4.1063	-22.7152
-5.58267	-23.0162
-7.60142	-20.2121
-11.3921	-15.1967
-14.3436	-13.2082
-11.1452	-7.53229
-9.31454	-10.9078
-10.1469	-7.79723
-6.85769	-5.79583
-3.07207	-6.89462
-1.98335	-4.86596
-1.15531	-4.30017
-5.44571	6.19288
-5.12762	2.1219
-8.86898	-1.4853
-11.2548	0.136826
-11.5321	-7.50698
-9.92092	-9.31831
-0.38935	-8.28434
1.64957	-14.4016
-1.16843	-13.8804
-0.839031	-12.7839
0.457723	-13.0946
-0.820975	-10.7484
-3.53344	-9.91857
-7.33744	-6.73408
-6.38061	-4.82215
-6.31358	-3.79444
-9.96611	-3.79464
-10.3897	-7.3325
-12.6286	-6.3205
-14.0109	-11.3039
-16.1754	-14.8487
-15.6104	-14.7734
-14.6637	-16.3941
-14.1893	-14.634
-13.3167	-15.0981
-10.8116	-15.2913
-5.55477	-6.92301
-4.60802	-4.06545
-6.1995	-2.90401
-8.65152	-4.88225
-11.0367	0.137597
-12.7307	-0.149506
-10.9	-3.57227
-11.6411	0.144142
-9.82058	-0.211268
-10.596	-2.32704
-11.0218	-0.928396
-19.0138	6.10595
-18.0933	0.233879
-7.67053	-5.9782
-17.3208	-11.5486
-19.7668	-13.6632
-21.5727	-10.7982
-21.2974	-10.4137
-21.1677	-11.3255
-17.5762	-11.5495
-7.52849	-1.68581
-8.26459	-2.52073
-4.49206	-5.55089
-3.32716	-1.3516
-4.24176	-3.95605
-3.14548	-1.7918
-5.82669	-2.96781
-2.25851	-6.01318
-5.59331	-5.90308
-1.24546	-9.54665
-2.97817	-9.18219
-3.8037	-10.5902
-4.60667	-10.083
-4.20493	-9.30325
-4.54209	-8.12099
-3.29744	-2.71085
2.02413	-0.919661
-0.464284	-1.72519
-3.73445	-4.63271
-5.29413	-2.41212
-8.23009	-2.94813
-4.91493	4.94376
-7.5904	-2.16401
-12.0912	-2.38911
-10.1004	0.569929
-20.2142	-0.246098
-20.676	-5.05158
-22.3115	-7.07115
-22.7444	-7.08506
-12.8096	-0.275413
-8.18316	-3.89038
-10.5038	-9.44281
-11.9459	-10.7824
-12.1073	-7.54715
-12.6564	-3.72331
-7.77099	-6.74314
-3.12918	-10.6223
-1.53155	-10.4846
2.56955	-11.5272
1.92195	-9.05344
3.61514	-8.37495
3.73439	-10.4216
-0.0899005	-7.73405
-2.51721	-9.77888
-2.1912	-7.95632
-3.45237	-9.19722
-4.28028	-9.51198
-6.29222	-10.4641
-8.80535	-10.1954
-12.8402	-10.3688
-16.1512	-10.3491
-19.3751	-7.68623
-18.6555	-6.57121
-18.4536	-6.3787
-14.1677	-5.80044
-5.62241	-0.466853
-5.24767	3.21427
-9.05363	0.113272
-11.1469	-1.13111
-12.6238	1.48144
-11.5754	-1.86128
-16.0395	-0.76255
-11.4356	-0.14974
-14.9438	-1.73377
-15.1715	-1.17839
-14.1551	5.19944
-9.8237	-9.0921
-18.0144	-13.2443
-18.01	-13.0723
-19.9152	-14.5547
-20.5814	-10.3146
-19.0083	-9.52062
-18.012	-7.19934
-15.4566	-4.92131
-15.7286	-2.90855
-12.5767	-8.64685
-11.6324	-10.9361
-15.4443	-4.88781
-16.4869	-2.40703
-14.5878	-4.92447
-9.44139	-1.66616
-5.83289	0.658758
-8.19023	5.17641
-9.99664	2.31376
-11.5675	1.10009
-12.9145	-1.37232
-16.2631	-10.7051
-11.2559	-8.44269
-9.78825	-3.41727
-11.7037	-10.0086
-11.3919	-5.1044
-11.4172	-2.29232
-11.9942	-0.538805
-8.98467	-3.33402
-7.50611	-1.16259
-5.88337	4.66798
-5.41787	4.92534
-4.25475	6.29243
-7.86889	4.16611
-2.81051	12.1247
-3.45118	10.6972
-8.4114	12.7032
-11.6767	7.13789
-12.1751	4.26419
-13.9414	3.42742
-12.8707	4.20158
-13.2214	0.581172
-15.5716	3.2139
-13.5614	8.12174
-11.2611	2.2049
-16.5668	1.23391
-12.7358	3.12177
-15.8131	-8.28985
-17.8973	-7.03787
-16.6435	-7.58408
-14.1529	-8.61542
-14.8242	-6.88257
-13.0233	-8.03246
-13.1077	-10.8676
-14.3111	-8.79804
-12.329	-8.64468
-10.7766	-9.58233
-8.30712	-10.6555
-5.60718	-6.49858
2.52486	-3.82817
0.320125	1.28393
-2.26256	-4.04375
-8.36965	-7.18859
-10.4441	-4.86087
-8.72432	-2.63106
-5.36053	-1.30674
-9.25884	0.0938666
-5.17979	0.376115
-12.9927	-1.69893
-9.71046	-4.40625
-8.11212	-7.76277
-11.629	-5.45693
-16.9531	-5.7374
-16.9382	-5.67057
-16.7182	-3.1122
-18.4597	-0.870269
-17.8347	-3.41559
-15.6864	0.611323
-8.94679	-1.53893
-23.2213	-4.30285
-16.7442	-9.41044
-17.1991	-12.6981
-19.9566	-15.9448
-22.7834	-14.0139
-22.8896	-12.502
-22.0879	-13.407
-20.0668	-14.7501
-16.2257	-11.7403
-16.8916	-6.25569
-12.8981	-0.682865
-7.58089	-5.82687
-8.26796	-1.08425
-12.5413	-3.99473
-15.071	-5.47447
-13.5502	-10.3541
-12.8492	-13.4505
-10.3399	-17.0297
-10.0574	-16.1844
-10.009	-10.1822
-7.15999	-12.3125
-6.78646	-10.3531
-6.96801	-10.8932
-7.66743	-10.2936
-12.8872	-12.2648
-15.2818	-14.9697
-12.1568	-11.7709
-11.2577	-11.6899
-12.0828	-9.45995
-14.7447	-8.99483
-14.7403	-5.75395
-15.8583	-7.63617
-17.9642	-13.3371
-18.5577	-16.2223
-17.2776	-20.6497
-16.0141	-20.249
-16.1975	-18.3114
-14.8263	-10.0894
-10.3275	-10.107
-8.0222	-5.49403
-6.59362	-2.82985
-5.63101	-5.71792
-7.73137	1.64013
-6.2873	-0.312941
-5.739	-2.14504
-10.708	-4.1623
-8.44801	-1.9066
-10.9947	-1.97726
-14.1748	-17.2064
-18.6744	-23.3011
-20.6439	-26.3675
-22.5313	-25.0054
-21.5643	-21.3459
-22.704	-16.6896
-21.0366	-7.49551
-12.4874	-6.14065
-9.71397	-17.7398
-14.7315	-16.3106
-12.6616	-12.9039
-7.10683	-5.587
-9.73522	-6.49014
-11.5265	-10.0892
-13.6273	-7.72529
-13.345	-3.77419
-13.7217	-0.919916
-14.2276	-14.0015
-17.2504	-11.5396
-17.6666	-9.63452
-16.5605	-8.92032
-11.0174	-5.66207
-8.80091	-8.12005
-9.19798	-5.69177
-9.08712	-6.63877
-10.2734	-6.67926
-13.8589	-10.2101
-14.5056	-9.37127
-13.7434	-8.10727
-9.6471	-13.1702
-9.7935	-11.8711
-9.59162	-13.1671
-7.40497	-14.7044
-2.29657	-13.6986
-0.632521	-8.22475
3.50305	-4.32664
3.37091	-3.70863
-1.32565	0.142991
-4.36979	5.58672
-0.196517	1.80782
-3.87359	0.604454
-11.8747	-2.73819
-9.72327	-10.2993
-11.5175	-8.9783
-10.1565	-10.9643
-11.9864	-9.15145
-12.5782	-6.56882
-8.80682	-4.73649
-7.27298	-0.377988
-4.30522	-1.03775
-1.82731	1.10115
-2.6157	0.198334
-2.45507	1.3909
-3.01497	0.4229
0.747498	-1.17844
-1.36628	-4.96697
2.72233	-5.40579
1.61496	-10.9498
-0.656659	-12.7192
-2.18582	-11.077
-2.66194	-8.96185
-5.97292	-4.16007
-5.06949	-1.30458
-4.34358	-2.7142
-3.94043	-2.29807
-5.50907	-2.82671
-5.08944	-2.059
-4.83988	-1.09347
-2.77171	-2.99922
-0.72018	-1.71839
0.46567	3.90173
-4.7359	-0.284604
-14.1694	-6.56111
-7.58702	-6.48574
-0.529284	-4.16192
-6.02755	-6.87058
-9.47108	-10.7347
-14.0569	-9.92702
-18.0153	-8.83386
-17.9413	-11.6681
-19.3264	-11.6091
-18.9658	-12.3756
-17.7702	-11.0899
-15.61	-10.5508
-15.1877	-12.6226
-11.9608	-13.5012
-11.2595	-11.5772
-10.9851	-9.57012
-8.86992	-10.4593
-9.35508	-11.0304
-8.87719	-9.30399
-9.80353	-9.85274
-5.94029	-5.6228
-3.41683	-4.05673
-5.00529	-6.02483
-6.54045	-1.92564
-11.0769	-12.992
-8.175	-6.73017
-5.32701	-7.1609
-4.02134	-6.60225
-4.38432	-4.19798
-6.23626	-6.05312
-5.09648	-3.14456
-6.58775	-3.22159
-5.6469	-4.33184
-8.88555	-2.40233
-5.42152	-3.03558
0.987327	-3.0645
-4.60813	4.24478
-2.1786	1.88633
-5.23823	1.65878
-11.5084	6.43675
-9.00632	7.03946
-11.1652	6.70964
-8.46917	9.83578
-7.49992	8.50603
-11.256	2.45706
-12.5708	6.42477
-10.7169	3.86453
-11.3697	3.94458
-11.1956	-2.07552
-11.1998	8.06403
-13.7942	2.88555
-14.7903	6.22143
-11.795	2.83421
-9.91935	2.00571
-12.1389	-1.19607
-10.5326	5.16769
-16.0843	0.66349
-17.7046	-2.99991
-9.00475	-4.84406
-12.4645	-15.258
-13.0496	-21.2963
-15.6458	-18.8753
-15.7085	-18.8909
-15.5252	-20.4318
-12.5537	-16.4252
-8.79962	-10.5779
-9.76459	-6.58053
-3.38749	-6.54913
-2.12541	-0.538835
-2.82343	-2.31196
-3.88704	-7.02924
-9.90334	-8.18792
-11.1371	-14.3323
-15.8705	-17.7617
-16.1001	-17.7862
-16.4589	-16.4784
-15.3332	-16.9841
-14.6705	-12.1814
-12.9994	-3.98959
-1.84065	-2.27759
-3.69005	-4.50339
-4.06633	-1.40844
-8.08582	3.27729
-3.16806	-0.67755
-6.02988	0.509283
-7.5424	-0.650518
-12.3078	-2.88214
-10.0434	-4.92725
-8.40757	0.0682055
-9.24132	-0.804541
-14.6658	4.61091
-8.79154	-5.99286
-14.4275	-7.49815
-19.4685	-15.8428
-21.1634	-19.5427
-21.5441	-18.0263
-20.6821	-18.0437
-22.2388	-17.8895
-22.0896	-18.3326
-21.3733	-17.6328
-21.1446	-16.9831
-21.876	-17.2443
-20.9432	-18.9443
-19.9366	-18.5057
-15.6318	-12.6139
-11.2433	-12.2297
-12.0053	-11.2554
-13.1397	-11.4182
-11.0724	-12.4761
-11.208	-11.2317
-8.69716	-9.41453
-10.1487	-9.50417
-7.4528	-10.4019
-7.64992	-11.2386
-7.83841	-10.0553
-8.40871	-10.1384
-10.4665	-10.2764
-9.33254	-13.0894
-7.96917	-15.29
-7.8196	-14.7148
-7.38111	-14.3967
-7.52892	-14.1719
-8.60911	-13.9426
-9.51512	-13.8655
-8.35437	-11.3529
-8.01004	-6.74795
0.998213	-7.49043
1.12794	-6.02191
0.284957	-5.84658
0.326486	-7.8047
-1.73623	-11.2749
-8.23205	-11.7
-15.4883	-11.6485
-17.3443	-14.0259
-20.6769	-10.9112
-17.7906	-12.7134
-18.8952	-11.9118
-17.2544	-12.9958
-11.872	-8.17394
-9.11982	-8.46326
-9.59203	-5.84728
-9.62445	-9.66406
-15.1823	-10.5291
-15.3574	-11.8004
-18.1554	-11.3018
-17.7034	-9.53478
-15.2117	-12.028
-14.2807	-13.5942
-12.7139	-15.1355
-12.8622	-16.2946
-11.7908	-17.134
-10.6557	-17.0191
-8.03381	-15.3572
-8.52935	-13.3006
-8.52387	-11.6075
-4.36545	-13.9223
-2.80666	-8.30895
-0.559643	-2.13673
0.205086	-1.99696
-9.47521	-4.99226
-3.84816	-6.40579
-7.52324	-6.18232
-8.12524	-10.4616
-7.09097	-5.01094
-9.03983	-14.8742
-15.1838	-10.3407
-14.1849	1.64266
-14.0312	-3.08273
-12.063	-0.993878
-19.0316	-2.50212
-17.9738	-5.18684
-18.8396	-9.35552
-21.4248	-8.66715
-21.0327	-8.84541
-21.5561	-10.5687
-22.7584	-9.45724
-21.4144	-12.5975
-22.4999	-11.7608
-20.479	-9.60311
-11.1918	0.00581373
-11.7998	-5.8261
-15.5531	-10.7747
-18.1205	-10.6089
-17.1145	-7.42259
-16.419	-8.99115
-18.0367	-9.06047
-16.4901	-4.33782
-14.1308	-0.514409
-14.6946	0.474845
-14.5499	-1.33915
-14.5404	1.80286
-13.8871	-2.41061
-13.3118	-2.10462
-17.0414	-5.76309
-9.03232	-14.1702
-13.9393	-13.8565
-18.1148	-10.4209
-18.6415	-12.2827
-17.4835	-15.1191
-16.0846	-17.7698
-17.1973	-13.8082
-17.9655	-12.2018
-17.8374	-9.76758
-18.7687	-8.71473
-17.1506	-9.46916
-18.1514	-8.32062
-16.4304	-7.88273
-16.9375	-6.56978
-14.5192	-7.75995
-13.425	-6.76197
-10.8616	-7.24464
-10.3877	-5.19901
-4.98421	1.63989
-9.58465	4.01268
-9.77036	2.35103
-12.3973	-2.95433
-15.8323	-0.319053
-10.2292	0.613715
-11.9228	0.579042
-15.4408	-2.25803
-11.7833	-7.11035
-9.69291	-6.30277
-10.1805	4.87808
-9.80827	4.16847
-11.0058	0.219548
-12.7983	-1.40459
-11.2953	2.74413
-11.6862	3.45434
-15.2238	-1.48679
-12.2163	1.55749
-16.2396	3.27392
-15.8386	2.54352
-16.8388	3.93441
-14.1664	4.38663
-14.3314	4.73976
-15.9749	2.39319
-14.8322	2.43679
-16.5102	3.75285
-8.09782	4.18807
-14.3594	4.50965
-13.9784	5.55589
-10.2028	4.7822
-11.6784	3.41083
-11.5477	5.11469
-14.183	3.03011
-12.0511	-0.408353
-11.1218	4.27486
-13.8768	2.76006
-9.47636	-1.07328
-12.9215	-4.41576
-14.2448	-2.9567
-13.74	-6.76826
-11.3451	-6.71773
-8.14805	-7.37417
-5.97116	-4.55897
-7.61374	-7.36243
-8.64343	-5.86819
-8.16204	-6.07542
-6.91892	-6.81069
-5.46038	-5.79141
-4.82752	-6.31464
-4.51971	-2.40691
-14.2857	5.83082
-17.6706	-1.65227
-10.3028	-2.12717
-16.1913	-11.5503
-18.1886	-12.3137
-20.8734	-12.1222
-20.8463	-11.2716
-21.4307	-10.2231
-21.7326	-9.86173
-18.354	-8.14685
-17.7045	-7.93521
-20.043	-12.2531
-19.3697	-15.0091
-18.4946	-15.0401
-15.5728	-13.7487
-16.1497	-5.74703
-15.8348	-4.84659
-6.37594	-3.67787
2.41408	-4.77924
-0.253867	-0.331518
-3.28392	-8.69269
-6.71076	-7.09025
-7.26753	-7.51469
-5.40936	-0.103077
-7.75522	-3.13822
-8.77767	-3.89362
-14.0929	-7.26053
-9.12084	-1.08036
-14.0723	-11.271
-15.3406	-12.9849
-17.8912	-13.4722
-16.5881	-12.8208
-16.9001	-12.7915
-14.9259	-9.81482
-12.395	-6.85428
-9.78537	-3.79444
-6.06797	-4.91338
-7.48878	-1.01659
-8.91929	0.413168
-7.61868	-2.46767
-5.81857	-4.39007
-3.25039	-3.33786
-3.52214	-1.15606
-2.11086	-0.622461
-5.32205	-3.5388
-2.22645	-4.77244
-5.26144	-8.69978
-7.0982	-9.36673
-6.94259	-10.5258
-6.541	-9.33421
-3.97453	-8.53308
-2.73568	-6.17526
-3.39802	-8.73547
-7.4634	-10.467
-6.48191	-8.01921
-5.97407	-9.2446
-7.80435	-7.11244
-6.35398	-9.05452
-5.92776	-8.96505
-5.6804	-8.35089
-2.2652	-8.48293
0.0288348	-7.83318
-5.1559	-8.20462
-7.93186	-12.7665
-12.3147	-10.5321
-12.6099	-10.7312
-14.183	-10.223
-13.2709	-10.102
-12.4311	-4.05277
-11.4448	-2.09723
-9.41514	1.36237
-14.0784	-1.13871
-14.9473	-2.57685
-13.6516	-4.46694
-12.2112	-7.17932
-12.0331	-7.23587
-10.9716	-6.30364
-9.92071	-6.51031
-8.21831	-6.87311
-7.19029	-6.13548
-7.6399	-3.33484
-6.71248	-1.10678
-4.09342	-2.38535
-4.83964	-3.06277
-3.01209	-4.25256
0.251619	-3.81297
-1.84197	-1.412
-2.08256	0.869358
-1.05405	-2.07614
-8.6956	-6.58636
-8.44289	-7.29053
-9.83816	-9.1595
-10.491	-10.5772
-10.3038	-11.3026
-11.8741	-9.72462
-9.25655	-12.1559
-9.90523	-3.68824
-1.96898	-0.767935
-1.27069	-2.50154
-5.55027	-1.75349
-5.27589	-1.01056
-11.2736	-5.55887
-6.07853	1.74603
-9.18649	1.05304
-11.0922	-3.63172
-7.23926	-2.02519
-8.06761	-0.569259
-9.99492	-3.87983
-3.39435	-6.99556
-5.31238	-11.2541
-5.19261	-12.7303
-7.72646	-16.028
-10.2521	-17.0172
-11.4395	-16.2761
-9.60932	-15.612
-7.08868	-12.2309
-6.46009	-6.40391
-4.47958	-2.09618
-8.3094	-4.53214
-10.943	-5.92932
-16.2853	-3.02267
-14.0927	-4.40183
-16.2536	-8.82671
-19.2108	-11.9942
-20.2806	-10.8825
-18.8076	-12.0827
-16.5298	-11.0498
-12.0579	-5.91057
-6.00759	-3.41505
-5.78214	-1.78948
-5.3248	-1.57153
-2.20164	-2.43522
-3.24866	-5.20383
-3.49246	-2.03222
-2.34447	-5.25873
-1.08165	-1.50507
-0.94642	-1.04494
-5.00277	-9.1106
-10.0785	-6.25115
-11.9258	-9.38002
-12.6717	-7.52154
-14.4304	-6.75341
-15.6039	-8.11176
-15.9307	-10.2102
-17.4881	-11.1711
-17.6753	-13.3172
-15.6121	-14.86
-13.2936	-11.2146
-6.5206	-5.94912
-4.87746	-2.6977
-4.96237	0.619023
-4.83543	-2.12071
-4.6875	1.02546
-5.31399	-2.23566
-6.49201	-0.966826
-13.2228	-9.577
-16.5688	-10.0277
-19.3717	-5.65695
-17.9111	-6.61241
-17.8774	-6.50573
-16.8412	-4.534
-17.7911	-2.51445
-17.8426	-0.434195
-19.0326	1.02614
-19.4465	1.03883
-7.89428	3.02199
-5.72578	1.49956
-7.05921	2.50206
-8.88746	2.01431
-12.2696	1.33747
-13.4494	2.20544
-12.2018	4.22421
-14.7305	3.99425
-12.2859	2.64756
-12.8323	2.04199
-8.90664	0.503561
-9.5175	2.30589
-7.8168	1.26196
-5.49633	6.46972
-6.27395	9.27489
-6.43078	13.086
-8.13405	10.714
-11.1801	3.07953
-11.9904	-0.487119
-12.8176	2.88385
-14.7917	1.07326
-12.9634	4.84412
-14.5197	5.51144
-15.7146	2.25169
-13.1511	1.60089
-12.8044	5.40812
-8.59664	6.4585
-12.6782	3.33663
-12.6895	3.59062
-14.9513	3.0403
-12.3303	8.03986
-13.606	3.27301
-11.1679	1.78221
-11.599	4.5207
-13.3409	3.75379
-6.26168	9.85437
-8.22538	3.98382
-9.44742	-12.8104
-11.1119	-18.3736
-11.0113	-17.9605
-11.2455	-17.0436
-14.3698	-14.8127
-14.3367	-11.955
-17.0536	-5.6676
-17.9118	1.05124
-15.27	-1.2129
-18.6879	0.53108
-21.1248	0.0574851
-19.0362	-1.83166
-17.6343	-3.19396
-18.6695	-5.2438
-19.6325	-4.8139
-19.8386	-6.29014
-21.7175	-7.41138
-21.7162	-7.57725
-17.49	-2.94884
-14.6946	-9.3649
-18.7119	-10.8098
-20.4533	-7.62012
-12.611	-7.38265
-17.9465	-12.9958
-21.0116	-10.5693
-20.5	-10.9563
-20.2873	-10.7808
-21.3358	-11.9851
-19.9369	-11.6712
-20.0548	-12.7742
-21.6931	-13.9831
-20.7296	-15.1744
-15.6143	-8.18017
-10.19	-2.53064
-9.28584	-2.8745
-7.84951	-3.50563
-9.30757	-6.57074
-11.8881	-4.55655
-11.2977	-3.45101
-7.53424	1.36794
-12.7189	4.58455
-8.59929	-1.00228
-1.0714	-14.2956
-3.86597	-15.1143
-9.01959	-15.1084
-7.88338	-13.4497
-3.83551	-15.8384
-2.62987	-15.2682
-3.99385	-6.13609
-3.68243	-0.545498
-6.88487	-2.26628
-8.79393	-5.33522
-8.31609	0.584576
-15.0255	2.25626
-13.2919	-3.41493
-12.6448	-15.4039
-15.3781	-20.97
-16.3921	-20.8423
-16.7934	-22.6873
-17.2746	-19.9846
-15.0619	-18.5453
-17.2497	-15.5233
-19.038	-18.4816
-20.0381	-19.5517
-18.3541	-20.0925
-21.2491	-23.7856
-21.1304	-25.8509
-21.754	-26.242
-19.8486	-28.6183
-18.003	-26.2521
-17.3437	-25.3676
-18.466	-23.7454
-17.5196	-24.0674
-14.6092	-19.8569
-11.78	-15.295
-8.78285	-8.75016
-6.81043	-6.05914
-4.40492	-3.31924
-3.1623	0.366071
-4.2927	-5.36715
-4.16933	-10.5544
-9.42561	-4.28779
-3.11231	-7.4389
-3.25885	-5.7718
-9.12568	-8.45168
-13.2066	-10.0248
-13.4264	-10.4383
-12.0776	-14.8274
-15.3904	-11.284
-13.1079	-12.0352
-5.92096	-7.26541
-4.06286	-4.07007
-5.51167	-9.22263
-9.44918	-6.73466
-8.76101	-6.25347
-7.67761	-5.71001
-6.72372	-7.37535
-4.70997	-8.6562
-4.56319	-9.67916
-3.03476	-9.96714
-3.73864	-9.54453
-3.9523	-9.51126
-6.18618	-9.1821
-6.23304	-7.75487
-7.04991	-7.33262
-6.67915	-5.49896
-5.63953	-6.36104
-4.80617	-5.4455
-5.04963	-6.54823
-8.69868	-5.96976
-11.6223	-8.53096
-11.293	-9.89775
-10.9957	-8.7383
-9.55862	-10.3593
-6.2526	-8.34454
-2.89302	-6.83521
-3.45324	-4.62179
2.03906	-5.52198
-0.803824	-3.91852
6.17731	-4.64858
3.01111	-2.58064
2.88454	-5.59763
1.26403	-4.16827
0.857784	-1.82295
3.69853	-2.68717
2.69826	-5.45787
-5.53681	-4.12018
-10.9858	-5.68037
-14.5062	-5.67209
-16.4685	-8.09194
-18.827	-9.60203
-19.6582	-12.0054
-20.4698	-12.9882
-23.3606	-10.5851
-22.6809	-10.0876
-23.3132	-10.1753
-22.6376	-9.54236
-23.9277	-8.89616
-22.6951	-7.18152
-23.0608	-6.65663
-23.5125	-5.17629
-22.7307	-3.43015
-21.3726	-4.77342
-20.9986	-0.943427
-20.9947	2.63952
-18.8346	6.68399
-16.0451	3.68153
-11.124	2.2857
-10.3439	9.04779
-5.67159	6.62813
-8.55758	-1.72386
-3.98022	-10.3081
-5.07491	-7.61734
-4.39269	-10.7066
-5.44701	-9.51664
-1.08788	-6.76808
-3.8982	-4.96748
-4.96374	-7.82489
-3.37997	-7.10576
-0.301438	0.944592
-6.63944	-6.00856
-3.65656	-5.52255
-5.88383	-2.17354
-6.00608	-4.77096
-8.2254	-5.34057
-6.81942	1.13227
-11.2887	-2.33347
-6.11018	6.45163
-8.639	4.98953
-5.41835	5.16843
-9.24663	3.46197
-8.72919	8.31085
-7.35579	8.8488
-2.43445	11.6321
-8.13435	-4.0322
-10.449	-0.266632
-10.1866	2.54277
-9.15638	5.79672
-9.15567	-1.38524
-8.48846	-14.5052
-9.14651	-19.036
-11.5424	-15.0834
-13.4641	-18.9776
-16.4139	-17.2228
-15.3526	-15.9242
-12.9936	-17.8127
-9.22418	-11.6855
-3.83918	-2.81553
-0.896075	-0.989246
-4.07589	-1.48939
-3.93427	-2.35552
-2.661	0.883538
-3.12287	0.563281
-2.68019	4.64649
-10.9423	6.89766
-9.87898	-7.21041
-12.1376	-17.2542
-12.7536	-20.8016
-12.8298	-22.3529
-12.3373	-23.8352
-12.7832	-20.0545
-12.2156	-13.2823
-6.76528	-5.51127
-6.01942	-2.5805
-6.64234	-1.21276
-4.48235	-2.12306
-2.47824	-1.24868
-1.89861	-7.09088
-7.6299	-11.4674
-10.8264	-12.2843
-15.5917	-3.63996
-15.5156	-5.89335
-15.1914	-8.87576
-12.4148	-13.1313
-13.325	-13.5394
-11.1771	-17.8409
-12.9939	-15.6259
-18.2839	-13.2034
-18.0821	-19.2797
-17.0853	-18.9768
-16.5575	-19.2329
-16.1398	-18.342
-14.6816	-15.4881
-18.6833	-10.0882
-16.9703	-7.32044
-6.1593	-6.93713
1.9429	-7.59327
-2.80634	-5.22377
-4.14834	-4.34813
-2.64417	-4.01837
-6.03836	-10.3645
-7.40416	-11.7872
-8.28249	-9.2289
-7.70037	-9.35001
-2.25759	-4.83668
-3.34525	-4.24015
-7.18849	-8.18713
-7.75426	-6.62287
4.75876	-4.65336
0.146129	-9.32886
-2.49812	-10.7039
-4.92326	-9.56123
-3.90836	-10.4874
-7.99819	-14.8613
-9.68908	-17.6606
-12.5588	-17.8918
-14.6469	-18.2786
-15.0986	-19.6386
-15.0644	-22.0536
-17.808	-19.7288
-18.7551	-21.4205
-20.3055	-20.5592
-21.312	-17.9909
-23.1294	-19.5191
-23.8419	-18.8049
-20.5156	-18.4095
-20.6396	-20.2843
-20.5999	-19.7645
-20.6704	-20.4535
-21.5303	-18.739
-19.5407	-17.6656
-19.6506	-15.0843
-17.3416	-15.7697
-15.7768	-15.4721
-19.1189	-11.7866
-21.465	-13.301
-19.2212	-12.341
-17.2607	-14.7469
-18.9718	-16.1027
-19.6018	-14.011
-17.4185	-16.7418
-14.9677	-16.7579
-11.3726	-15.9275
-9.17077	-11.7043
-2.47274	-12.9227
2.92637	-8.31948
5.417	-7.34315
6.98898	-2.49956
5.45024	-6.74696
2.05325	-4.95193
-0.868633	-3.51501
-0.86921	0.0281549
0.734613	-2.05991
-4.93397	-1.90204
-11.12	-7.12781
-16.5531	-10.7659
-19.6864	-15.2658
-22.2772	-13.1821
-23.0949	-13.5203
-22.5769	-12.9918
-21.5036	-14.6858
-20.0145	-14.8735
-18.2965	-14.9893
-13.9229	-14.171
-10.0973	-12.7404
-7.66842	-6.98226
-5.52468	-3.00234
-7.25827	-3.7283
-8.78877	-3.59314
-7.14989	-1.07934
-7.29962	-8.31649
-12.1106	-9.73658
-12.1959	-13.4223
-11.7994	-13.9461
-12.5723	-8.87414
-12.2688	-6.61349
-10.7112	-6.07738
-7.72708	-5.96896
-3.26614	-5.45137
-3.67299	-2.4022
-3.48319	0.466177
-4.00187	1.05123
-0.829366	2.53108
-5.38866	-3.28178
-8.77092	-6.59414
-10.3695	-11.1858
-10.6518	-6.97334
-6.43323	-17.0164
-10.3	-18.057
-12.2743	-19.2982
-15.3058	-17.5563
-14.8157	-19.0266
-16.2734	-19.4011
-19.8737	-14.6437
-23.6482	-13.8642
-20.5633	-13.6307
-20.2992	-9.95449
-21.1749	-8.6874
-19.0541	-8.49413
-17.8995	-7.96446
-16.6744	-6.61423
-15.1232	-4.37642
-15.9194	-0.820235
-12.6351	-0.52765
-11.9868	0.921381
-12.1083	4.97813
-6.55503	8.11631
-4.62369	10.4214
-6.23779	11.4886
-11.2585	12.3999
-11.8443	7.85064
-16.0128	6.61488
-16.8556	-0.854343
-16.0297	3.34929
-16.4144	0.798859
-14.2869	1.70865
-11.7566	4.25094
-15.453	3.53725
-13.2905	4.29046
-13.4921	2.83181
-15.205	2.73634
-12.4364	-0.732786
-12.9344	1.89858
-11.6342	4.72536
-8.43853	-1.15125
-12.7341	-2.30314
-11.5784	1.74111
-8.85644	0.0200443
-12.0698	2.35844
-12.7788	-1.66812
-12.1028	2.4909
-11.3005	1.38969
-11.6457	5.48639
-11.2222	2.85933
-13.2523	1.99958
-7.19159	-2.12852
-11.1715	-2.39667
-10.279	-5.84406
-7.91387	-2.9597
-7.34666	-1.17099
-8.04938	-3.23059
-5.07736	-4.9816
-8.78749	-3.28691
-13.7187	-9.95058
-14.0937	-12.7321
-13.9489	-13.3913
-14.5049	-12.3677
-13.693	-13.0546
-11.8942	-11.1687
-10.4885	-6.31095
-11.1921	-1.21807
-3.6794	-7.03413
-4.61531	-2.50384
-6.39025	-3.40618
-13.571	-2.98758
-2.29741	4.58099
-6.5214	1.1685
-10.1476	0.192642
-14.1366	-8.18981
-12.5888	-5.45429
-6.55354	-7.1567
-0.569842	-5.09038
-7.9821	-13.121
-9.70437	-12.2652
-10.3891	-11.1936
-12.0416	-10.8383
-12.0211	-11.3579
-14.2607	-10.6975
-13.5816	-6.86821
-10.388	-6.52448
-8.72889	-4.07162
-8.27225	-2.86216
-7.68072	-5.54669
-5.0414	-3.66769
-3.63923	-2.14285
-1.58216	0.691439
-4.18819	0.838901
-2.61105	6.60127
-5.71962	6.53636
-4.96192	-1.63942
-10.8069	-14.0919
-11.2354	-17.0441
-13.2348	-16.8013
-18.5457	-13.6488
-19.077	-11.8046
-20.8288	-7.23309
-18.1852	-8.40366
-16.8827	-4.55587
-15.7752	-2.0962
-12.5845	-0.461932
-7.63381	-6.23912
-7.17124	-2.69852
-11.2346	0.167456
-21.5181	4.43212
-16.7502	-4.56773
-13.7858	-8.83756
-16.7657	-14.0361
-17.82	-17.1962
-17.4444	-19.4649
-18.3677	-19.4506
-19.1948	-17.2986
-23.6333	-16.2019
-23.4815	-13.4757
-24.1659	-11.9344
-22.8953	-12.4592
-23.055	-13.1972
-18.4796	-14.445
-19.1941	-10.0419
-10.8998	-4.8995
-2.48768	-4.89566
-3.84711	-2.95136
-0.943923	-6.19643
-4.73842	-2.18549
-7.02467	-8.33325
-6.70371	-7.13025
-8.02639	-11.0839
-6.49045	-4.39595
-3.69772	-5.23848
-5.91961	-7.4131
-5.95663	-6.89985
-1.83558	-11.7712
-3.93066	-20.0098
-6.75504	-22.4579
-8.99813	-21.3395
-7.6584	-21.1798
-6.78781	-19.34
-5.5393	-18.1051
-3.79461	-9.5213
-6.02552	-4.4348
-7.38692	0.614109
-12.3078	-0.402409
-9.31541	1.72066
-9.50221	0.129853
-15.4957	-1.68012
-15.2849	-4.98872
-15.2572	-13.7945
-11.0826	-10.6092
-7.27101	-8.70031
-8.45119	-10.0967
-10.9703	-12.3245
-15.5404	-16.1787
-15.7664	-14.0334
-13.4084	-11.6805
-14.6168	-12.2553
-13.7484	-14.707
-14.5611	-8.48357
-13.1846	-6.36724
-12.3199	-6.29537
-12.471	-6.43537
-13.5883	-7.18816
-14.5686	-8.20714
-7.71468	-8.1453
-8.58457	1.17874
-3.78584	-4.70933
0.343187	-4.7601
3.4902	-3.54534
3.13432	-0.423507
-1.83558	-5.40054
1.88873	-1.50989
-3.637	-5.90241
-10.5078	-8.92988
-11.4291	-11.1487
-11.5851	-13.9941
-13.5534	-16.2572
-13.6331	-16.4489
-13.7665	-15.5878
-15.1127	-15.395
-13.2539	-16.9792
-11.1009	-14.0685
-9.3553	-12.9155
-5.91374	-8.47016
-5.18844	-4.37274
-3.86774	4.1079
-7.56195	3.50943
-9.09893	-2.82024
-5.78988	2.64137
-10.2487	0.810073
-3.84749	2.73564
-4.14744	5.99992
-7.74573	1.78337
-12.3311	3.46307
-11.0413	4.59615
-4.57286	0.90812
-3.97197	-3.90574
-3.95008	-6.9052
-4.08395	-6.25287
-3.1365	-9.10442
-4.25048	-8.34128
-3.89033	-9.61164
-6.55151	-7.58349
-8.88684	-6.68005
-8.40366	-5.77607
-8.46208	-5.71671
-6.68508	-3.71607
-2.22062	-5.44571
-5.95439	0.844132
-10.1719	0.878423
-11.8217	1.97123
-9.91328	4.90612
-8.66153	1.15007
-4.17199	7.02242
-12.5967	0.564027
-10.4298	1.5673
-10.5464	2.23134
-14.0112	-1.343
-14.2784	0.242764
-12.5354	0.584049
-14.5053	3.20048
-18.5771	4.34224
-17.2936	-2.83548
-11.778	2.63867
-9.16353	4.6057
-13.5806	6.59374
-10.0042	7.22274
-13.5016	6.57021
-16.6993	-0.924114
-13.2229	5.25295
-14.5473	5.30962
-13.8745	6.94852
-15.4211	5.12105
-14.2908	5.35932
-13.4839	2.50613
-14.2959	2.93755
-11.6507	5.38177
-12.8516	3.37718
-14.6007	1.53965
-13.6037	2.78753
-15.4432	3.33803
-14.665	1.75825
-11.5044	3.28467
-11.4119	0.539601
-15.1907	3.1015
-11.6217	0.139911
-11.3001	4.92523
-9.79048	2.44505
-11.6044	0.125078
-14.8553	0.605457
-12.2255	2.7283
-12.7861	6.29316
-10.7929	3.72098
-10.2223	-4.1551
-9.65476	-11.7992
-11.7635	-14.0348
-9.60847	-19.6965
-11.493	-15.3043
-9.03017	-15.595
-10.0058	-9.85969
-5.99944	-9.08806
-4.79386	-8.90559
-6.09784	-8.65917
-5.53959	-10.2466
-6.27406	-11.6087
-16.8008	-2.62726
-13.8288	-13.3828
-15.7887	-19.1589
-16.8569	-19.3395
-17.1189	-20.3054
-18.12	-22.3634
-17.883	-22.5033
-18.1834	-21.6965
-18.1332	-22.045
-16.9795	-25.4185
-18.6765	-23.6116
-18.8483	-22.8624
-18.4658	-21.3484
-19.2937	-13.6082
-20.2769	-16.5274
-19.5354	-17.0931
-17.8655	-17.2963
-16.2167	-14.7144
-11.7872	-6.75363
-7.95942	-4.33314
-7.96611	-9.22711
-9.22487	-6.1131
-14.5034	-5.15966
-14.3403	-12.9206
-12.5316	-13.4326
-9.90023	-14.441
-6.76705	-17.8582
-6.23805	-21.1034
-6.41977	-19.2683
-5.37464	-13.8385
-8.59387	-12.5608
-8.82829	-15.3456
-8.65825	-13.4083
-10.4497	-13.9896
-9.90841	-12.9942
-11.809	-6.04594
-11.8961	-7.36615
-7.30732	-5.53341
-3.50698	-0.812239
-6.07601	-0.883649
-10.184	-0.903822
-14.6836	-5.25126
-14.4788	-5.49939
-14.9311	-4.04706
-14.729	-3.02247
-13.1761	-3.34967
-9.86946	-1.90594
-13.6347	-6.40833
-18.2272	-7.82916
-15.0196	-2.16214
-16.1033	-9.21267
-19.6204	-10.5283
-21.5557	-10.3564
-21.8821	-9.45789
-18.0956	-9.77749
-14.5611	-9.46552
-12.6799	-5.17112
-9.6327	-6.37676
-13.6713	-8.1804
-18.4521	-11.9344
-20.2743	-16.0981
-21.6004	-12.6394
-21.6527	-11.6587
-21.6691	-9.99291
-22.3665	-11.5802
-21.7708	-12.7033
-20.9661	-14.6886
-17.4863	-15.5199
-12.3178	-7.77076
-10.9122	-2.35067
-9.06085	-5.1452
-9.19115	-2.82028
-8.80617	-0.463547
-12.8734	-2.13107
-16.4451	-4.81565
-11.7559	-2.55433
-13.4063	2.42045
-16.6775	-2.53766
-14.6263	-1.79036
-10.2517	-5.11079
-13.7614	-9.3166
-19.2049	-16.6488
-22.2674	-13.9809
-23.4855	-12.7422
-21.7689	-12.035
-19.673	-3.42056
-11.5375	0.611919
-13.3295	-11.1864
-18.7312	-12.4288
-18.0279	-12.7324
-11.9924	-3.96859
-15.1307	-6.01487
-17.5541	-9.86174
-19.2724	-11.3374
-18.0535	-8.8604
-18.7821	-11.3013
-20.7572	-14.1244
-21.1413	-15.7855
-20.7662	-14.3373
-19.407	-13.6159
-18.9105	-13.7862
-18.5083	-13.6353
-17.972	-10.8282
-17.3624	-10.5587
-16.5793	-10.0004
-14.3833	-8.917
-11.0633	-5.93067
-10.8552	-5.35839
-7.46143	-2.64471
-10.4177	-0.169491
-10.8909	1.61537
-19.3265	1.73828
-15.2461	6.70907
-11.3745	-0.999763
-14.8116	-5.02903
-18.2977	-5.04185
-17.8813	-4.92364
-17.3175	-4.59418
-14.8256	-4.14177
-14.1895	-3.78579
-11.8513	-3.73389
-10.7847	-2.10316
-7.81679	-5.15796
-3.12174	-4.89662
2.03833	-1.69139
0.546887	-5.45599
-1.60778	-2.61608
-1.21537	-5.92588
-3.54869	-6.10928
-3.70139	-7.38264
-5.22888	-10.4634
-1.94539	-6.41364
-3.07812	-9.87276
-7.86913	-9.61508
-3.11125	-5.14874
-5.40266	-10.6239
-5.82845	-14.0419
-4.66996	-8.64368
-4.80755	-9.45567
-4.39447	-8.54517
-4.02661	-7.66652
-6.15917	-8.69204
-10.2074	-4.37292
-9.8115	2.77839
-11.1178	1.61941
-10.0661	1.93315
-11.607	1.18651
-11.2867	3.36769
-10.6127	4.79108
-14.663	3.3574
-13.017	1.59133
-11.8507	-2.54863
-13.8947	1.87879
-12.8593	3.35447
-11.4655	2.76715
-13.056	1.01188
-10.4219	-3.58597
-14.4999	-0.215881
-14.4404	3.09924
-13.3155	2.4989
-9.74266	0.796577
-9.52551	1.18535
-10.2216	5.17363
-12.4904	0.0756454
-13.0652	5.73174
-10.7314	2.53678
-9.83093	5.787
-6.22269	6.59606
0.0752189	1.99826
-1.77503	2.24529
-1.17763	0.157754
3.29464	5.01919
0.160963	2.07425
-2.83667	-0.0832488
-4.92009	-0.0494298
2.35758	-5.42707
3.48262	-10.8999
2.66065	-11.9118
0.596923	-14.0562
-0.881526	-12.8092
-4.20866	-11.7784
-7.10594	-12.0513
-10.5286	-9.70373
-12.9938	-8.28957
-15.7887	-5.89798
-16.6214	-6.14189
-17.7689	-7.23023
-17.6851	-8.45471
-17.193	-9.15907
-17.5034	-7.52799
-16.9871	-6.90206
-16.871	-9.39238
-17.8641	-10.3273
-15.1808	-11.9384
-14.0444	-14.4452
-12.4883	-15.5747
-12.3184	-19.5899
-12.6331	-22.2276
-12.5521	-21.821
-12.6805	-23.5878
-13.4497	-23.891
-13.6398	-25.1254
-13.648	-25.4537
-12.4207	-26.3953
-12.8853	-25.9696
-16.8533	-27.2105
-18.0847	-25.8173
-15.6596	-22.1907
-14.8436	-20.1468
-12.4789	-20.2217
-13.3377	-20.4265
-9.28762	-14.4274
-5.87509	-8.13331
-8.72855	-6.31063
-10.8051	-7.09918
-15.6518	-6.88633
-15.3057	-9.73367
-12.9694	-7.44343
-14.0966	-8.55295
-10.4057	-1.76289
-7.32039	-8.57651
-8.08462	-9.00849
-2.66808	-6.37262
-9.78381	-7.31047
-11.0406	-2.29178
-12.9505	1.11891
-14.056	-1.43668
-3.39899	-10.3192
-0.489212	-13.662
2.07637	-13.7506
3.85236	-16.0448
1.70052	-12.6191
0.435731	-16.2269
0.458585	-12.8864
0.873982	-12.4711
-0.27203	-12.0496
-1.08264	-8.08451
-2.86771	-4.08448
-4.16636	-2.03348
-4.8659	-1.10133
-2.77255	-2.91171
-3.6765	-2.1132
-3.70674	-1.90379
-5.24288	-0.759611
-4.32066	-0.523338
-2.25292	-3.62776
0.448022	-4.79607
1.29999	-7.88
-0.388592	-7.71604
1.44047	-11.4133
2.68029	-12.0986
1.42319	-12.8251
1.91649	-14.3522
-0.846164	-11.9626
-3.96136	-10.1657
-5.58169	-9.00883
-7.12472	-8.495
-8.5371	-8.5997
-10.5555	-7.39594
-11.5023	-6.84116
-13.8681	-7.17406
-14.9724	-6.83567
-16.523	-5.61971
-16.5156	-4.71939
-16.145	-2.43993
-15.4808	-2.77252
-14.0708	-1.24987
-14.8754	1.46726
-13.9741	0.492618
-11.7564	4.7102
-9.64991	4.301
-7.97378	4.36051
-8.25369	5.59745
-6.98783	6.26996
-9.43406	10.7731
-11.2708	3.89973
-12.0967	2.05559
-16.2633	1.38099
-15.8432	3.95192
-16.2968	0.703971
-13.7999	-1.37037
-18.3899	-0.633124
-16.6211	0.0820231
-18.8543	-0.890532
-15.5148	-0.560792
-18.303	-1.0503
-17.8383	0.217461
-10.0445	3.61199
-11.0849	8.08102
-14.344	9.75223
-12.3229	3.48756
-6.3796	-1.16393
-11.4606	0.254382
-15.6522	-18.3673
-17.4791	-21.6918
-18.4868	-21.079
-17.6744	-21.5242
-15.6159	-20.282
-14.83	-17.626
-13.1845	-7.66245
-3.57165	-7.03018
-7.23776	-5.1683
-4.66976	-7.72441
-4.30808	-5.38412
-6.47497	-5.29681
-2.27427	-8.70224
-7.08422	-5.97898
-8.93614	1.55742
-7.19774	-4.11383
-4.70917	1.99538
-4.02262	-3.24832
-2.32449	1.0801
-3.70425	2.90907
-3.30538	-4.02285
-6.47252	-10.5078
-9.34994	-14.1734
-8.99386	-18.6719
-9.74266	-18.8514
-10.2035	-16.5715
-12.9762	-17.4169
-15.5765	-16.7883
-14.9919	-13.7521
-10.333	-15.1365
-11.5072	-15.147
-10.9709	-14.1634
-11.1898	-14.0102
-10.4184	-16.3233
-12.4316	-12.9047
-17.8365	-10.3968
-17.6891	-16.4953
-20.5574	-14.677
-20.5396	-14.0347
-19.4588	-14.182
-20.8968	-14.4689
-21.2645	-15.6824
-21.1324	-19.8481
-17.3915	-22.4514
-15.6869	-19.1295
-14.9937	-15.8023
-15.0923	-19.4029
-15.2354	-23.7199
-17.8711	-24.4248
-19.2879	-24.9246
-18.9694	-29.6923
-21.4542	-26.3086
-21.5654	-26.1775
-20.6005	-20.9244
-17.6849	-18.0149
-13.4258	-11.3794
-8.29385	-8.02782
2.27319	-9.16376
1.34422	-10.9259
0.769574	-10.6102
-2.77874	-11.2504
-1.26453	-12.6694
-4.13681	-8.10981
-3.37347	-12.7826
-2.73595	-4.69398
-7.37107	-7.23421
-7.35824	-0.14276
-15.4128	-14.3873
-17.8401	-17.1863
-19.7849	-20.2034
-19.0223	-21.8855
-18.9998	-22.2282
-19.8384	-19.8152
-19.9599	-18.9696
-18.3434	-19.3145
-19.8428	-15.2516
-21.609	-13.1265
-21.0284	-11.2077
-19.2198	-9.56912
-19.8233	-7.79166
-21.354	-5.33058
-19.6134	-4.64749
-17.8084	-5.74281
-19.2224	-5.54461
-17.8983	-7.39796
-11.8685	-6.19428
-10.8344	-2.75054
-10.6226	-5.94813
-13.0448	-7.37809
-11.736	-11.386
-15.1833	-12.4398
-18.7747	-13.1228
-20.3738	-10.6552
-18.5867	-10.5141
-19.2334	-7.92793
-16.7386	-8.90589
-19.0197	-6.91677
-19.6895	-5.60706
-18.708	-5.45346
-17.3338	-6.37456
-15.6715	-3.5987
-15.2023	-2.9357
-16.5729	1.50296
-10.0696	4.04926
-8.04734	4.31138
-9.78377	10.8591
-9.01137	5.90331
-9.3903	2.98494
-9.34243	2.66213
-10.8232	5.52179
-11.6325	0.764804
-13.078	-0.216096
-10.1094	3.6954
-11.4769	5.71159
-8.58978	3.93818
-10.7682	3.35503
-11.3433	4.85748
-12.7143	4.18659
-12.1051	2.97986
-6.98538	5.47881
0.988793	4.68881
2.15334	2.7563
-6.36068	4.24406
-11.0658	-3.517
-9.9276	-8.43113
-10.2436	-8.29257
-11.112	-8.16707
-10.1205	-3.6476
-7.20253	-4.13853
-6.2755	-1.97967
7.35155	-2.91227
-3.8157	-8.67826
-5.24188	-0.336207
-8.67385	-4.2466
-3.60073	-2.82907
-4.37198	6.89198
-6.75641	1.42051
-3.05342	1.71187
-0.38861	3.24923
-9.42916	-7.84566
-13.3992	-13.9596
-13.1244	-18.9662
-11.3733	-19.5754
-10.4417	-18.6514
-5.02584	-14.0205
-7.81793	-5.53343
-10.536	0.40174
-2.98456	-4.66405
-5.19873	-4.5953
-4.10626	-10.4974
-4.59713	-3.49992
-0.0757514	-4.41428
-0.802625	-1.19154
-0.299208	-1.20533
-7.74805	-3.04748
-5.46855	-7.59234
-9.83658	-10.6694
-6.80847	-9.27333
-6.61452	-5.08979
-12.276	-10.3557
-18.1836	-12.4362
-21.368	-13.6416
-24.3972	-15.6485
-24.3479	-18.554
-22.7416	-18.1416
-14.4654	-10.1844
-8.31563	-5.84178
-10.7132	-4.38148
-12.1238	-5.36776
-12.4655	-3.76965
-6.10413	-5.94798
-13.6698	-10.6551
-20.5884	-11.4401
-22.7839	-11.2279
-20.6111	-8.71149
-17.8385	-6.66262
-16.0634	-4.90387
-8.24019	-4.69955
-4.40572	-5.34062
-4.66407	2.22815
-2.61046	-4.4642
-3.57358	0.693422
-4.7092	0.493453
-10.1297	-6.64927
-10.8025	-5.48107
-12.2523	-13.2632
-12.1036	-9.04722
-5.91507	-4.29627
-9.65345	-4.50676
-7.46803	4.94669
-11.6971	-2.3729
-12.2536	-4.59461
-12.2167	-4.71574
-9.20109	-4.71801
-3.97598	-9.83259
-3.20273	-7.26916
-4.68714	0.390777
-4.48609	2.15224
-6.16463	-0.455157
-1.87549	1.34323
-7.21003	6.83139
-8.73516	0.499133
-7.34565	0.151053
-7.92226	5.20051
-12.8906	3.21177
-15.1706	-3.60892
-11.5055	-7.22525
-0.405945	-6.70753
-6.88223	-13.1262
-8.05549	-15.076
-10.7831	-16.0244
-13.5719	-12.6298
-15.3568	-9.73036
-14.693	-12.9515
-14.8181	-13.9973
-15.1051	-13.6969
-18.2006	-13.98
-15.8988	-13.8323
-17.2273	-14.0361
-15.7362	-13.8797
-12.4041	-14.4442
-10.1573	-15.4992
-8.43653	-14.8316
-1.49208	-17.9439
-2.01251	-11.3488
1.33331	-5.37061
-4.49592	-11.2464
-0.689424	-9.07901
-3.12194	-11.8687
-1.79055	-5.53039
-4.40566	-6.71741
-1.82169	-9.68757
-4.95501	-11.5703
-9.63748	-13.1404
-3.27161	-5.72163
-5.13928	-2.96172
-10.3887	-1.97206
-9.07531	-0.520329
-10.6924	-1.60583
-12.2908	1.97061
-10.4903	-0.851593
-12.9554	-3.2506
-10.7986	-0.238313
-15.6807	2.25673
-15.035	3.06388
-11.8757	2.15417
-12.7049	-1.07683
-14.5414	2.19954
-16.0077	4.95635
-14.4168	4.31858
-13.2306	0.332183
-14.6726	4.92031
-15.4524	4.33152
-15.2836	2.81413
-13.5709	1.80949
-14.7975	2.047
-13.1102	2.09506
-14.8731	5.05543
-13.7537	3.56416
-12.2982	5.11241
-13.1109	2.4135
-11.0932	6.17958
-11.4418	3.80907
-11.1646	3.54917
-9.77314	0.748562
-8.73596	5.60915
-11.3979	1.92812
-4.46147	4.60542
-10.9584	0.881611
-4.22403	0.490667
0.323691	-0.443444
-3.49453	0.65866
1.12531	2.0889
0.377193	1.87922
-2.5993	-1.46744
-1.55505	0.191286
-9.18769	3.02157
-9.62442	1.76175
-15.1875	-8.72216
-15.6782	-9.26011
-16.0915	-5.64168
-15.8668	-10.6471
-18.2518	-14.0797
-18.6067	-15.8093
-17.1927	-17.6359
-15.5145	-15.7378
-12.6533	-12.3759
-13.0831	-13.3115
-15.268	-11.1258
-16.4481	-11.5552
-18.5746	-12.2933
-20.9797	-11.9087
-20.8055	-8.56624
-21.607	-7.12185
-20.1411	-7.05726
-18.4318	-0.3952
-14.6601	-5.03234
-16.9625	-8.04555
-20.9904	-6.97887
-22.5789	-6.99391
-24.2328	-8.50817
-24.1608	-9.14148
-23.6887	-8.67442
-20.7147	-6.37535
-19.5309	-9.78901
-17.8389	-9.74103
-13.8246	-6.82718
-12.6418	-12.176
-12.4376	-13.7766
-12.5329	-11.0699
-10.8195	-10.4891
-11.5107	-8.56671
-11.8507	-7.07572
-7.774	-3.21806
-9.25558	0.73167
-19.3087	-12.8494
-19.8276	-16.7463
-12.6682	-20.7518
-16.2	-23.7977
-22.4805	-26.3084
-22.4336	-24.5184
-22.9786	-24.9388
-24.3792	-24.7314
-23.7146	-27.7525
-20.3176	-26.1388
-18.085	-24.8519
-14.1096	-16.1692
-9.5818	-11.6346
-5.46829	-5.55041
-3.47015	-3.21013
-2.39378	-3.35419
-6.15014	-9.54305
-8.59392	-7.1535
-6.74028	-3.44039
-7.90343	-8.45665
-4.50375	-4.43986
-10.2553	-9.20951
-7.70105	-3.19038
-11.4265	-11.6591
-16.5045	-14.0612
-19.4386	-19.4075
-20.1095	-20.1566
-19.1917	-22.9689
-18.4619	-25.3198
-16.8828	-26.9042
-16.6114	-26.7965
-14.653	-27.6332
-14.545	-25.12
-13.8826	-25.7645
-13.5442	-24.1953
-14.0291	-25.8026
-13.2555	-22.9978
-12.6024	-20.2016
-11.2437	-19.0621
-13.109	-20.0445
-13.4261	-25.4001
-13.7542	-26.2154
-17.2946	-28.0905
-21.0957	-27.206
-22.0057	-28.3902
-20.7734	-25.492
-21.1073	-21.2807
-17.309	-11.5624
-7.6387	-12.3697
3.65616	-9.26186
-0.823016	-3.2425
-5.77031	-5.16907
-6.52995	-5.32592
-9.52367	-7.81583
-8.07944	-8.39744
-3.60303	-4.50522
-5.49395	-6.43799
-7.7774	-2.51632
-4.10942	-6.34077
-13.0572	-14.4227
-19.2987	-14.3309
-20.4763	-14.9631
-22.2977	-11.3466
-22.4821	-11.9065
-23.8157	-9.56996
-21.9095	-8.56696
-22.5284	-6.44665
-21.2261	-7.63156
-19.0553	-11.7387
-14.2617	-5.02477
-11.2631	-4.00912
-9.47254	-5.26738
-10.9129	-6.35045
-10.0655	-5.39218
-10.4945	-6.80388
-14.1286	-9.77847
-22.8727	-15.4902
-25.7849	-11.2073
-24.6046	-10.9727
-24.2993	-12.5219
-22.6345	-14.0367
-20.5276	-13.204
-19.6621	-13.8454
-18.5425	-16.1574
-13.5176	-11.6869
-10.2826	-7.01496
-11.0956	-6.69849
-9.75189	-3.23738
-11.8487	-4.30188
-15.2358	-1.70331
-16.6937	-2.61941
-11.7725	-11.4881
-10.3675	-14.1526
-11.5239	-15.1101
-13.5399	-8.79243
-9.186	-5.44253
-3.43422	-4.52085
3.31423	-3.56343
0.598408	-6.52568
-3.78965	-8.43874
-6.33755	-3.58195
-4.97234	-1.32898
-5.49318	5.01611
-10.4381	-2.96274
-8.34105	-4.25846
-3.89562	1.19902
-4.05891	-6.16707
1.01713	-7.42468
-0.660444	-9.53747
0.526937	-10.2088
2.06516	-9.1983
3.03347	-7.40111
3.55522	-5.85527
3.05482	-7.94039
3.52391	-8.02895
1.69508	-9.78885
-1.17606	-12.3196
-3.48241	-13.5105
-7.0723	-7.23087
-5.11147	-7.02935
-2.24844	-6.13611
-1.00216	0.957556
-2.50204	-1.80002
-2.2576	-3.23255
-6.66651	-5.84704
-8.54889	-4.1795
-5.87419	-4.73925
-1.77591	-2.101
-9.10826	-7.71854
-14.0647	-8.16948
-14.5846	-7.46167
-13.9648	-10.1917
-12.8747	-7.77966
-8.4794	-5.53409
-5.36298	-6.51954
-3.49856	-8.40694
-2.01092	-5.73647
-1.53355	-2.34559
-10.2051	-4.99833
-11.9466	-4.19174
-7.08467	-7.38001
-4.8453	-10.0491
-5.07426	-6.90257
-2.98366	-2.05073
-12.1436	-9.75574
-12.9092	-11.8734
-11.9438	-17.4705
-13.5621	-14.9839
-13.1499	-9.81833
-9.78968	-9.61026
-7.8383	-7.37927
-6.70483	-7.63026
-4.69257	-6.61414
-3.54491	-7.21738
-0.658926	-6.64996
1.028	-8.71438
2.53229	-9.44999
2.70238	-12.5073
2.69215	-11.3737
4.75669	-9.31171
2.99025	-5.93053
5.33649	-4.27851
4.8831	-4.89997
4.40372	-2.52658
4.34089	-7.03401
0.657863	-7.41749
-0.633815	-8.35632
-2.06147	-9.0233
-4.73487	-8.53502
-7.2505	-9.0278
-9.70639	-10.4203
-12.7332	-10.6645
-14.4014	-12.4485
-16.8362	-14.6298
-18.6544	-15.7799
-18.6964	-15.9741
-18.9232	-15.6431
-19.4399	-14.8771
-22.3201	-11.8723
-21.029	-10.8841
-20.7959	-9.05459
-20.5749	-5.92625
-17.8552	-6.22737
-17.0875	-5.53975
-13.0989	-4.53965
-7.57295	-4.1653
-6.67494	-5.65938
-2.1767	-5.27127
-3.65827	-1.3098
-2.80051	-0.498036
-2.49005	0.803832
-7.40767	-6.64341
-7.07108	-6.96557
-7.10545	-2.51311
-11.4746	-9.58648
-10.3189	-4.67248
-6.93132	-5.7143
-8.49617	-6.61453
-7.78645	-9.40745
-9.07002	-6.12476
-7.73556	-4.10778
-4.58859	3.27594
1.07963	-4.52524
-2.99343	-7.30494
-2.17678	-10.8035
-4.46026	-10.7262
-5.07947	-11.3698
-6.9669	-9.0661
-9.77301	-7.73863
-10.0201	-5.60209
-11.2733	0.535607
-11.0355	1.48116
-8.90542	3.60255
-7.04713	3.97277
-6.0931	3.53133
-4.4625	5.55645
-4.30513	11.899
-2.96113	11.2457
-6.27959	8.70817
-6.73378	13.5053
-6.15512	13.6298
-8.04599	8.72617
-10.897	5.75546
-14.1311	2.62391
-16.5861	1.68555
-13.0022	8.63853
-14.3363	6.54003
-13.156	3.95879
-13.8264	3.26377
-9.97975	0.312249
-7.48512	0.163082
-13.8735	4.59092
-9.22597	2.33286
-10.6529	1.63703
-14.0737	4.72045
-12.384	5.74701
-12.2607	1.55732
-10.0768	4.00598
-6.52986	-1.35907
-10.4369	-12.7356
-12.9134	-19.4042
-12.5442	-15.3667
-11.1415	-15.128
-11.8347	-9.35813
-10.2761	-4.44297
-6.64553	-8.26111
-4.36868	-10.2189
-4.91551	-10.3807
-6.70168	-9.33309
-14.4761	-10.1783
-16.9434	-15.4947
-18.404	-13.0302
-20.8613	-13.2504
-22.4807	-13.1569
-23.9008	-13.2717
-18.1575	-7.46879
-11.9799	-0.80112
-5.97143	-3.72768
-11.1521	-6.80424
-9.89639	-2.95972
-8.09746	-2.61231
-10.4457	-2.35063
-10.1047	-2.82008
-5.68475	-3.1287
-3.1011	-2.8733
-15.4039	-6.69098
-20.5782	-11.9022
-21.2745	-9.8707
-19.857	-10.6953
-18.4952	-9.81596
-18.1961	-8.60208
-15.4619	-5.49274
-16.1876	-1.55078
-11.2976	-1.74296
-8.63084	-2.0649
-8.07552	-3.48138
-8.09337	2.4244
-8.97182	-3.39202
-20.6206	-15.9599
-20.445	-14.084
-14.6263	-16.6056
-14.347	-16.1013
-16.1802	-15.0989
-14.9688	-13.8945
-14.1764	-12.864
-13.7776	-12.6528
-12.9819	-12.4088
-12.0666	-12.6906
-11.3436	-8.34037
-8.82282	-8.71494
-7.46282	-8.53897
-5.07932	-8.01558
-7.95461	-4.27153
-1.22447	-4.5402
-11.5665	-9.40339
-5.87428	-2.30963
-5.01824	-6.48487
-3.22729	-1.17287
-3.56249	-4.80249
-4.74164	-2.78735
-6.04555	-5.37938
-7.87018	-6.41762
-7.18867	-11.6813
-8.75604	-16.3076
-11.9922	-18.5739
-12.904	-19.4031
-11.3101	-19.0286
-12.8848	-18.2095
-12.852	-15.711
-12.0315	-14.2402
-13.8681	-15.5217
-15.5387	-14.5727
-16.8052	-11.6863
-18.3495	-13.1814
-18.3916	-13.2495
-17.66	-12.4794
-18.1898	-9.88442
-17.9324	-5.69672
-17.4781	-4.12664
-16.9013	-2.6312
-15.3507	0.677999
-9.04681	-1.88181
-7.23692	-4.46839
-5.46844	-3.69927
-5.6147	-3.44637
-3.00713	-3.70087
-4.89123	-2.19288
-9.62539	-2.54948
-7.37229	4.57742
-12.1294	-5.05505
-13.6453	-6.69811
-11.9516	-8.55871
-11.7493	-10.3215
-8.47686	-6.8039
-7.29039	-5.43828
-9.2333	-11.614
-14.1178	-10.6337
-13.3146	-10.5284
-12.4788	-9.18503
-12.2476	-7.58812
-11.0481	-4.5673
-9.36373	-6.99858
-3.91478	-5.4956
4.20925	-2.83695
3.58699	0.452075
-5.03032	-3.83261
-4.61595	-3.98848
-6.33925	-6.35226
-2.28138	-5.28289
-2.20533	-7.40689
-1.43769	-3.76808
-7.77023	-4.86177
-3.23197	-4.13821
-2.69387	-7.09675
1.25655	-5.23017
3.72974	-8.43666
2.41779	-13.6005
2.4828	-17.5895
0.704251	-19.8554
1.34636	-20.4392
0.613533	-18.5573
1.46814	-19.28
1.17545	-15.216
1.52302	-14.5186
0.296773	-13.0136
1.2914	-8.38246
3.12757	-8.63061
2.30838	-9.97448
0.553292	-13.1868
-1.14789	-6.99379
-3.37135	-14.318
-3.77955	-11.8863
-4.85863	-8.81487
-2.06079	-8.45523
-8.89615	-1.0738
-11.8385	-1.00817
-11.1125	0.140321
-10.2691	0.0835943
-2.75106	-13.3265
1.33056	-18.9596
1.85316	-17.4353
0.806452	-17.5798
1.62262	-20.0319
5.01531	-19.7319
3.50884	-16.8942
2.9469	-14.187
2.10679	-10.6211
-1.85466	-5.87515
-1.42404	0.103329
-4.52094	1.66428
-7.37079	-7.3331
-10.8419	-3.57058
-11.8802	-3.22327
-2.86317	-8.34262
-1.79094	-5.79593
-7.13422	-9.45074
-9.92589	-11.8792
-10.4642	-11.2917
-10.6166	-11.786
-11.0641	-13.8638
-11.3146	-10.7173
-11.9205	-9.55005
-12.834	-8.30761
-13.6382	-5.79369
-13.3372	-3.90754
-10.3703	-2.22728
-6.50144	-5.34807
-6.3274	-7.95971
-4.37264	-9.3311
-6.54249	-7.14727
-5.59389	-6.65578
-0.744797	-6.33942
-3.32296	-4.68408
-4.93179	-1.17215
-7.38075	2.12985
-7.52605	-0.327928
-11.6057	-5.17587
-7.44566	-8.52586
-14.6878	-9.87264
-13.8068	-10.9963
-12.822	-11.9691
-11.6147	-11.0002
-11.2729	-8.28586
-11.9801	-5.24999
-12.6961	-3.71787
-10.1188	-4.34164
-10.7794	-2.93296
-6.67082	-4.31223
-3.92684	-7.22762
-2.45715	-8.13588
-0.283961	-9.69896
-0.118033	-9.68729
-1.08473	-9.44251
-2.61895	-6.89562
-1.86148	-2.90398
-5.32662	-1.83103
-3.19128	-1.45657
-3.88905	-1.78854
-5.5982	1.38905
-7.59179	-2.83236
-11.1341	-6.32817
-11.885	-6.72506
-12.9229	-7.24769
-12.8528	-7.91686
-13.6963	-8.1459
-13.8253	-8.17872
-12.569	-7.81738
-12.0626	-8.4841
-11.2016	-6.57607
-8.7783	-6.44998
-4.12008	3.51837
-5.78395	1.08596
-1.87149	4.69912
-4.12627	0.83021
-7.16776	4.33207
-12.4667	4.20233
-12.0632	0.813974
-12.1603	-3.87253
-8.63017	-5.47126
-10.5738	-10.008
-10.0222	-11.9751
-1.16933	-5.22557
-3.18984	-10.2576
-2.18599	-8.80765
-2.88598	-10.417
0.431156	-15.4491
-2.77778	-7.49902
-0.862723	-6.56571
-3.32522	-11.4148
-3.27515	-11.0476
-2.38039	-9.04459
-3.13437	-5.91732
-7.13912	-3.60326
-9.39183	-1.35551
-7.91521	1.56995
-12.2443	6.01221
-10.0469	2.21496
-13.2552	3.47217
-11.0263	0.587517
-10.8036	1.81506
-12.354	1.60733
-12.1373	2.30966
-12.7996	1.89049
-11.9266	1.52422
-12.5233	0.808754
-10.7453	-3.52359
-14.2226	0.692928
-10.8902	-1.41864
-15.9353	-9.62655
-19.2463	-13.5801
-21.3429	-12.2552
-20.3703	-14.3493
-18.9407	-14.9274
-18.0017	-16.7838
-16.3988	-15.5741
-14.2506	-12.7594
-7.69215	-16.4092
-8.02418	-12.9475
-4.89895	-9.83298
-5.14125	-9.19967
-3.81435	-8.16481
-7.67033	-8.59466
-3.33617	-3.75211
-3.11207	-5.213
-5.36825	-5.81054
-7.55441	-7.16028
-6.03974	-7.33224
-6.99421	-6.5643
-10.6175	-7.98351
-17.4951	-9.65082
-14.723	-7.78941
-12.6709	-8.66581
-9.59306	-10.8219
-5.89091	-12.9255
-3.41279	-8.60814
3.12634	-10.3142
5.95107	-7.04951
6.59703	-5.1116
2.72873	-8.43073
3.46482	-7.8334
-1.89673	-7.39837
-8.00802	-4.44491
-8.48033	-12.2274
-9.33598	-14.6571
-11.0682	-11.0122
-9.38822	-7.95573
-6.63312	-1.75084
-5.25314	-2.33328
-5.72894	-4.68407
-5.54838	-6.36766
-0.569242	-9.44286
-1.1722	-10.4039
0.182418	-11.9751
-2.73269	-11.2377
-2.6228	-13.8466
-3.39903	-13.5429
-3.34	-13.8932
0.0165034	-4.8072
1.12001	-2.80325
-2.94632	-3.71441
-2.90096	-5.90599
-5.22469	-1.90696
-5.6096	-5.3052
-6.59919	-6.14331
-7.90567	-5.1594
-4.36104	-4.48258
-3.14955	-3.01777
-9.47952	-14.5792
-13.8195	-21.8798
-13.8638	-21.476
-11.9953	-18.3297
-11.246	-13.9206
-9.43235	-11.6876
-6.60983	-11.8107
0.841715	-12.1964
-2.75723	-2.72153
-4.68079	-3.14616
-6.00372	-7.19249
-5.63938	-3.85407
-4.34612	-7.31157
-2.4484	2.70712
-3.67369	-2.33137
-12.3387	-2.79802
-13.913	-3.57384
-7.45164	-1.7811
-7.41249	-1.01211
-4.90131	2.84641
-11.6797	-10.3848
-16.9799	-16.8553
-19.646	-20.2766
-21.4993	-19.1782
-22.6154	-18.3435
-23.2516	-18.7992
-20.1296	-17.1817
-20.384	-17.3277
-17.4713	-18.1103
-15.721	-14.9707
-12.8122	-10.7787
-11.9076	-10.976
-14.8137	-8.79707
-16.5513	-9.74266
-18.6315	-11.0347
-20.1478	-9.49364
-20.5814	-11.7744
-20.2875	-12.857
-22.4394	-9.62611
-22.5702	-10.0736
-19.7041	-8.65133
-19.216	-9.12621
-17.0523	-11.5622
-18.535	-11.1529
-18.4815	-9.69364
-16.4529	-8.97823
-14.4724	-8.83499
-12.8908	-9.50995
-12.8056	-8.59588
-13.26	-10.1454
-12.5988	-11.3406
-12.0908	-12.212
-10.6476	-11.4149
-8.39252	-12.7078
-6.83732	-13.6897
-5.65097	-11.5894
-2.59579	-13.4164
-1.3869	-13.2411
-0.782235	-12.8822
-1.13883	-11.3169
-0.582532	-13.8465
-1.35123	-9.19941
-2.70546	-5.44038
-4.01971	-7.18211
-3.8281	-5.68812
-1.94815	-7.86325
2.63991	-6.81513
4.77816	-7.99411
4.28863	-3.30038
-4.94181	-7.31235
-12.3636	-8.98557
-5.78493	-7.11089
-6.81637	-11.3928
-11.7562	-10.2308
-17.0816	-13.9713
-20.1118	-14.9383
-19.9739	-14.6539
-19.2824	-16.044
-18.2989	-14.9433
-17.3219	-15.9535
-15.5793	-14.5069
-13.9164	-10.0636
-11.9904	1.18045
-7.91957	-5.80245
-13.2588	-6.80738
-11.3797	-6.2637
-15.1907	-3.20287
-16.7166	-4.08937
-11.0428	-10.1635
-14.431	-14.4776
-18.1692	-14.1814
-16.0703	-12.8327
-17.8255	-9.7519
-18.0483	-12.875
-12.0418	-10.558
-9.19961	-11.4374
-8.53181	-9.51665
-9.37608	-11.1583
-9.961	-8.59917
-9.7803	-6.96209
-10.1902	-8.1173
-3.62115	-12.1317
1.92018	-18.0914
2.27432	-16.7075
0.100038	-14.6401
-1.21622	-12.0518
-3.97102	-4.30447
-5.77841	-3.51283
-5.39761	-5.16054
-7.12514	-2.43613
-10.9132	-2.70635
-13.2251	-5.55209
-13.4324	-3.73645
-15.4003	-0.497757
-17.0593	-0.907532
-17.4333	-2.7158
-17.0992	-3.3126
-18.5708	-3.56173
-18.0421	-5.65927
-17.6125	-7.48083
-17.0318	-8.57523
-15.6714	-9.703
-16.7511	-9.35925
-15.5304	-8.86508
-14.4697	-10.9727
-12.5896	-12.6066
-14.296	-11.3739
-13.914	-11.92
-11.3596	-13.0161
-10.822	-11.2857
-9.79915	-13.8534
-9.18934	-12.9826
-8.65968	-10.6744
-6.52006	-8.32058
-5.43337	-5.61547
-5.1928	-5.57509
-5.86149	-2.12571
-3.2866	2.03331
-3.77149	2.34129
0.838739	-4.47314
-3.96036	-9.47066
-0.0807641	-9.83616
-0.544379	-7.57713
-6.19652	-12.6501
-1.61322	-5.64345
-1.0506	-3.37003
-1.85885	-10.192
-3.46995	-9.28178
-5.01765	-10.0798
-5.48938	-8.66328
-2.77645	-5.27235
-4.48348	-5.82952
-3.65706	-4.98076
-7.19884	-9.64921
-7.60995	-1.64408
-10.6112	0.270238
-12.9651	-1.0528
-10.501	5.24053
-12.166	1.89429
-11.8043	2.94857
-11.7293	-0.373732
-13.7416	4.87699
-13.1366	0.0334839
-13.7375	4.11811
-13.2739	1.96729
-9.40171	1.44924
-12.303	3.14818
