-13.4994	8.28366
-11.9764	2.22241
-13.2973	5.06816
-14.8818	4.99089
-14.341	2.95725
-10.9721	0.160279
-14.0487	1.42408
-13.2641	3.43612
-12.2665	1.65683
-21.0292	-7.03312
-21.9469	-13.7526
-17.7937	-9.45241
-9.4634	2.33659
-18.3882	-9.85583
-21.1689	-9.77609
-20.67	-8.40645
-20.9481	-6.73418
-18.3526	-5.1298
-17.0859	-2.49829
-13.8613	4.73564
-10.949	1.96504
-10.2582	2.0675
-10.8059	-1.04797
-16.1123	2.72732
-16.466	-0.712851
-16.8442	-1.02716
-16.8082	-1.81261
-16.8892	-1.71785
-16.5238	-0.770734
-9.35272	2.97647
-5.34543	4.98273
-5.32794	3.05776
-4.41366	4.06017
-4.77679	2.33248
-5.70832	2.99278
-3.6735	4.05567
-4.95594	3.73365
-5.29029	3.64763
-5.87546	2.55884
-18.2826	-9.919
-20.6261	-10.7333
-20.478	-10.1293
-20.7944	-9.65848
-20.274	-8.34624
-17.6987	-8.15862
-15.4477	-6.11035
-6.79627	-2.74093
-3.72971	-1.33491
-4.90686	-6.88197
-6.96128	-11.7687
-8.90952	-9.62958
-6.77458	-8.41078
-6.49735	-3.20151
-9.6228	-0.388153
-10.0912	-0.0770406
-16.5431	-3.75263
-8.04137	-0.291114
-19.2792	-6.96268
-19.8183	-5.66328
-20.2146	-5.52745
-20.8482	-4.47945
-22.5854	-0.863273
-20.9751	-2.88057
-14.6348	2.30562
-6.13026	-0.102607
-7.552	-3.8221
-4.79443	-3.11622
-10.4876	-0.0793276
-12.7634	-2.86478
-14.0629	0.767758
-12.466	-0.869666
-13.393	-4.39347
-15.6251	-2.85752
-11.7705	-2.04694
-8.62847	-4.61712
-13.6669	-11.9724
-10.3439	-8.79788
3.07499	0.882733
5.10127	-7.66766
4.69258	-10.3703
4.86499	-11.3057
3.63333	-12.1303
2.5741	-12.8276
2.47392	-14.1915
0.0452549	-12.6521
-0.758801	-11.7368
-4.11562	-10.4818
-7.78453	-7.60837
-10.5996	-3.68048
-8.15466	-2.64938
-10.0815	-1.97163
-13.3407	-4.27473
-17.6323	-4.0458
-17.8022	-7.28152
-19.0791	-10.1108
-19.9012	-8.88373
-22.855	-8.36732
-20.8071	-5.23783
-17.4784	-3.03977
-10.1784	-1.78039
-5.58819	0.37596
-8.32253	3.00749
-9.65026	-2.72932
-16.1262	-5.09537
-13.3188	-0.0897266
-13.579	-0.295287
-16.2778	-5.04708
-16.6212	-3.61657
-13.8761	-1.33011
-13.0486	-9.40093
-18.2862	-6.99538
-21.3805	-0.596115
-11.4135	8.45379
-19.3627	7.1832
-18.7095	-3.09927
-17.5555	-3.55911
-13.2054	-2.87665
-7.51545	1.00413
-8.92463	1.76126
-7.49684	0.479808
-6.795	0.297249
-5.64059	-0.657035
-6.94804	-2.43956
-9.40118	-6.31588
-16.9055	-12.9622
-16.7518	-13.1365
-17.1428	-12.0151
-18.023	-12.5663
-17.954	-11.901
-16.5083	-12.9634
-16.7089	-13.3813
-15.7297	-10.9611
-14.7367	-6.47693
-11.4839	-5.99436
-6.96501	-3.63369
-6.93965	-3.60647
-4.83254	-2.66384
-5.32094	-1.93473
-4.22163	-1.76676
-2.61059	0.275259
-3.39304	-1.27334
-13.6225	-3.22548
-16.7776	-6.23723
-16.864	-9.8588
-16.1206	-10.3605
-16.0362	-10.3025
-16.0145	-11.1805
-15.5434	-12.6538
-14.745	-12.2054
-14.6721	-12.769
-12.0119	-13.5944
-10.6823	-12.1573
-10.793	-14.3901
-10.2753	-16.4646
-8.58801	-17.4414
-10.2262	-15.87
-11.9278	-10.9754
-16.8547	-2.78798
-12.6379	-0.535504
-9.03877	-1.29662
-21.6001	2.82838
-15.0752	-0.522418
-14.043	-5.42204
-13.7371	-8.85602
-14.1666	-11.1742
-15.3855	-11.8345
-13.2435	-14.8963
-12.3625	-16.9248
-11.2358	-15.1309
-10.9931	-13.6054
-7.7427	-4.59675
-7.51497	1.80772
-8.49443	0.560799
-6.04513	2.58055
-11.3439	-1.32133
-13.5506	-3.98287
-14.6499	-5.21055
-13.3501	-4.0399
-12.1541	0.0879788
-10.0679	1.25024
-8.88241	2.44954
-11.5556	4.82805
-12.4603	0.955023
-10.5275	3.97216
-11.0366	3.61064
-10.7392	5.85399
-10.5443	-0.0792405
-11.7235	1.88573
-12.6309	4.06282
-10.0171	6.09529
-10.8104	4.43589
-11.2279	4.5447
-5.006	7.79504
-0.692254	-1.40194
0.501684	-2.18368
0.504194	-4.04847
4.10774	-8.35538
2.15412	-8.32062
5.1315	-8.6154
5.10884	-9.92604
-1.03455	-8.48017
-5.75925	-6.18322
-10.4382	-5.70375
-12.096	-6.02264
-16.3519	-4.91268
-18.6685	-5.80786
-20.3955	-6.35569
-20.6943	-6.44636
-21.4805	-6.27722
-19.1312	-3.81165
-11.5464	-4.66469
-11.8591	-7.73897
-13.3358	-12.6748
-11.2133	-11.1853
-10.0082	-5.35971
-11.7092	-8.27135
-15.14	-1.53478
-10.1918	-4.79968
-15.2416	-7.79718
-21.6448	-5.99084
-21.1985	-7.11044
-20.6064	-8.10869
-18.6434	-8.92617
-17.063	-9.83482
-14.2232	-7.42074
-7.7369	0.552999
-5.9895	0.319113
-6.64302	-0.702112
-5.1402	-1.24113
-5.54634	-0.528879
-6.55205	-0.619968
-6.03643	-1.42871
-5.02932	-2.82346
-10.1171	-12.8057
-12.3204	-15.7351
-14.0728	-15.9285
-15.3633	-16.2924
-15.2062	-16.5698
-16.1902	-15.8207
-15.7513	-15.1445
-15.5284	-14.5548
-14.8534	-12.8809
-14.6642	-12.274
-14.7557	-10.2016
-15.8869	-8.72286
-15.5987	-7.51255
-15.4275	-6.2631
-14.5932	-5.54843
-13.3525	-2.90439
-12.5424	1.80735
-10.2812	3.03501
-7.86429	1.06004
-3.07219	-2.57854
-2.88581	-1.1851
-2.24277	0.464773
2.82449	-4.68253
2.15672	-5.82026
6.03641	-2.74079
5.67879	-4.62494
3.51558	-3.37421
-0.54903	-5.2529
-2.79003	-7.31618
-4.67071	-6.05325
-8.75497	-3.82155
-6.81525	1.66162
-6.87141	1.60396
-8.18615	1.6878
-9.36193	2.8757
-8.32834	1.83384
-9.45738	3.06782
-9.68703	2.15469
-16.4212	-6.65774
-18.4139	-8.2895
-18.4186	-8.48104
-16.4248	-8.53526
-15.2482	-7.81381
-14.7425	-7.91601
-16.6599	-4.8429
-15.7099	-3.83335
-15.9542	-0.64571
-14.302	-0.744417
-13.0717	-1.222
-9.62097	-2.72361
-7.42481	-2.62896
-4.88542	-0.67217
-4.40979	3.45122
-2.25084	-4.88592
-4.47433	-4.09365
1.52837	1.33852
0.0413107	-2.74468
3.25423	-1.26809
-3.83028	-3.63799
-7.34805	-3.96132
-9.96586	-5.64139
-16.0709	-2.14596
-17.8628	-4.37852
-19.2801	-1.30967
-18.2473	-1.77836
-17.1722	-1.81032
-15.3541	-2.60898
-14.4556	-2.82662
-13.611	-2.9979
-13.5283	-3.78264
-10.7747	-5.65334
-7.84459	-7.40185
-5.29364	-5.40636
-3.31329	-3.60285
-2.61062	-0.105592
-0.13026	-2.80847
-1.5491	-0.695636
-3.22805	-0.997338
-1.42582	-3.23509
-4.42762	-0.161224
-4.17263	-2.76349
-3.47951	-2.39927
0.306002	-0.482089
-1.36934	-3.45978
-1.89777	-2.17341
-1.16839	-0.113899
-0.628471	1.11099
-1.72566	4.6766
-0.960154	9.43114
-4.68138	7.72408
-6.5255	-6.94107
-4.62308	-13.2812
-0.706605	-10.6026
1.07165	-5.2801
0.170695	-6.54041
0.605781	-7.75615
-3.76381	-12.5693
-2.17774	-14.009
-1.64862	-17.0176
-1.1441	-10.4525
-3.82869	-6.72076
-4.49581	-10.9702
-0.305851	-13.5442
-2.68514	-11.423
-5.00387	-12.3055
-2.7093	-8.78642
-3.54773	-10.2985
-3.69012	-11.8895
-7.85438	-7.93727
-11.5597	-7.46653
-11.5421	-4.94188
-12.3253	-3.85453
-12.1213	5.07609
-12.4329	2.11788
-14.4672	-0.514277
-12.237	0.716271
-15.2413	-0.790547
-13.9684	1.52436
-11.7978	0.0927839
-11.9113	1.25678
-11.5531	4.28595
-7.14193	1.74322
-11.6014	2.39487
-13.4127	-0.0365901
-7.62925	2.97795
-10.878	4.81817
-11.8833	3.21626
-17.2049	2.66874
-13.481	-3.47984
-5.66377	-2.99895
-16.8407	-2.74927
-16.8939	-4.37093
-18.3333	-6.32209
-18.5266	-6.6525
-19.0107	-8.5582
-19.3886	-8.86151
-19.5676	-8.8397
-19.9131	-9.12319
-19.1821	-9.06732
-18.988	-8.23799
-19.66	-7.59832
-19.1232	-8.00767
-18.1608	-7.20313
-17.4912	-6.92152
-15.7941	-6.73653
-14.8453	-6.57351
-13.0273	-3.96051
-5.60033	0.109844
-2.95996	-0.369604
-5.52743	-0.947243
-5.42035	-0.0727947
-8.67209	0.673375
-11.6706	-2.32131
-10.0108	-4.69913
-8.29922	-8.34219
-7.96467	-10.4666
-7.64525	-10.8594
-7.68559	-12.1079
-8.09151	-12.1312
-7.4542	-11.2515
-9.29906	-9.01255
-7.47337	-8.34992
-2.75154	-8.7943
0.881514	-8.29687
0.194459	-10.8731
-2.48016	-6.91098
-9.86012	-10.8169
-17.1428	-8.68737
-18.1569	-8.22841
-18.3429	-11.8255
-17.4051	-12.1501
-16.625	-11.7344
-15.1503	-11.4949
-10.9106	-9.16696
-5.52354	-5.21407
-4.19905	-3.82445
-4.56248	-0.324937
-7.55764	-3.97991
-14.5346	-7.11222
-11.7532	-4.31879
-13.5592	-1.64578
-15.7905	-2.48711
-9.56699	1.32915
-12.9533	-3.65093
-13.5148	-0.284115
-13.4483	-3.74385
-14.6439	-2.9977
-3.06423	-7.94571
-17.8909	-7.8209
-21.0268	-8.45845
-19.4356	-7.44565
-19.4186	-5.63713
-19.5378	-5.67744
-18.9285	-4.71359
-19.0764	-5.62811
-19.073	-4.47956
-17.9086	-4.76722
-18.6377	-6.21677
-17.7071	-6.90842
-17.6943	-9.56388
-15.7852	-12.5961
-13.7693	-15.6997
-13.6813	-17.5292
-14.3029	-18.4402
-14.7509	-18.5352
-13.871	-16.7309
-13.7088	-13.1798
-13.0871	-9.10953
-14.0265	-3.67359
-9.90376	-1.54575
-5.89727	0.114705
-2.2765	-3.00268
-2.15241	-1.70032
1.39028	-1.27497
2.24545	-1.37167
2.97273	-1.03408
1.76818	-2.40735
1.90263	-0.85004
0.387484	2.04216
0.500662	4.13233
-2.72898	-0.818569
-4.45623	-2.27131
-8.08773	-2.49936
-10.0478	-4.53941
-11.4394	-6.65002
-10.5034	-9.46477
-9.90401	-11.4685
-9.16829	-12.0109
-8.76812	-10.5182
-9.17824	-8.78504
-9.9079	-7.27156
-7.63842	-5.83026
-8.27956	-6.28285
-10.012	-6.86401
-10.6694	-8.45632
-9.88255	-11.3886
-8.76496	-12.8185
-7.72815	-12.9107
-6.99412	-12.4312
-7.32048	-11.245
-6.91988	-10.0869
-6.63117	-9.48447
-5.72588	-6.91559
-2.94235	-9.32011
-4.35105	-6.12763
-5.23266	-1.64425
-5.07612	3.43034
-4.25534	10.0821
-10.0624	6.13828
-6.71796	5.1828
-13.1322	-5.70159
-12.8403	-1.60573
-11.4341	-3.76531
-10.0018	-0.069236
-14.8955	-0.96081
-13.4272	4.13224
-13.0606	-1.86513
-14.4712	1.67828
-12.9504	3.97182
-11.8135	0.190522
-13.8866	-1.597
-11.4782	4.67672
-13.5152	3.71272
-13.9774	2.52595
-11.0702	0.691067
-14.5531	4.35543
-10.3873	4.34089
-9.66114	6.39132
-1.41156	4.44521
-5.3281	0.862382
-4.85361	2.63967
-9.77403	3.60719
-13.1845	0.784695
-12.5577	-10.0039
-16.4782	-13.7198
-16.7389	-16.0831
-16.8032	-14.7306
-17.6009	-14.3405
-17.2925	-15.0048
-17.4026	-12.9037
-16.587	-9.89432
-16.7433	-1.31596
-14.8099	4.96756
-8.54235	0.990431
-4.7086	-0.0981713
-5.76364	-1.23474
-4.68886	-2.01641
-4.51976	-1.19218
-3.56311	-0.609799
-2.02123	-0.709048
-8.39052	4.60394
-11.9736	-2.34543
-18.3002	-3.60975
-19.0612	-2.76269
-16.781	-2.65903
-19.4448	-3.20205
-19.7039	-7.69161
-20.17	-9.19786
-19.5585	-9.3642
-18.9194	-9.20051
-18.304	-8.11471
-17.6845	-9.70059
-17.5554	-8.29299
-15.6607	-8.13438
-12.5679	-7.60641
-7.61931	-4.32319
-1.794	-2.24723
-1.48112	-3.18727
-0.883911	-2.77877
-0.728608	-0.248312
-1.89727	-2.44135
-3.24621	-4.26714
-2.8519	-6.23974
-5.74913	-8.57992
-8.77124	-6.71727
-11.268	-5.91268
-14.2633	-8.17951
-16.7042	-9.34968
-16.9107	-10.6782
-15.381	-10.6984
-14.1286	-5.84807
-10.2983	-2.48752
-6.0169	-1.01468
-5.05138	0.122081
-4.18807	0.734976
-6.93864	2.27632
-11.9043	-5.25336
-14.9522	-6.98659
-16.5101	-8.67464
-17.0459	-10.4869
-18.1069	-6.26551
-16.6688	-4.20035
-8.60415	-5.67777
-13.4849	-5.74653
-13.7091	-4.78139
-11.9106	-0.187513
-7.18364	3.04064
-4.75916	3.73458
-13.4123	-2.00237
-11.6271	2.03087
-15.0872	-1.61591
-20.7861	-8.34676
-6.33902	-4.69596
-11.2066	-4.08756
-9.20878	-6.37607
-9.83937	-4.61441
-10.432	-4.1001
-10.5385	-3.15219
-9.32617	-1.67355
-7.00628	1.94065
-5.35667	1.72121
-12.25	-2.75529
-14.2739	0.133706
-24.2114	-1.13989
-8.97348	-2.70641
-16.7261	-2.76134
-14.8993	-4.09653
-13.3642	2.27096
-12.325	2.86816
-14.2263	-6.83601
-14.1085	-8.00242
-12.5968	-8.45694
-10.7861	-8.50261
-8.20441	-10.3453
-5.72764	-10.2476
-1.72092	-10.2129
1.54793	-10.2142
3.61219	-13.0916
2.81869	-13.0089
3.3764	-13.2719
0.797928	-12.5678
-2.1455	-12.7632
-5.09887	-12.4985
-8.28592	-10.2944
-10.921	-9.5691
-11.9324	-8.6675
-11.7883	-6.94872
-12.2295	-4.69373
-11.2701	1.27227
-4.35137	0.761627
-7.96536	-0.00810486
-7.33906	0.426636
-7.75417	-0.0410326
-10.0384	-0.61863
-8.91002	-1.97818
-8.61939	-3.53865
-8.40618	-5.02697
-5.49874	-5.65148
-6.3402	-1.00352
-6.58906	-5.04289
-8.63139	-0.0225232
-15.4915	2.8955
-17.164	5.19958
-10.9713	-3.87301
-12.1729	-4.69442
-13.8654	-2.63508
-13.1707	-3.92115
-9.45611	-4.72004
-6.63598	-6.83836
-2.07977	-8.52574
0.358941	-8.02562
2.47542	-8.08857
5.06629	-6.86443
5.24606	-5.80191
4.24297	-7.67135
-1.34939	-6.3621
-2.27374	-7.92509
-6.6637	-7.64487
-10.0909	-5.64228
-10.8242	-4.22805
-10.6545	-4.57544
-10.5129	-3.8187
-9.832	-2.09394
-9.95172	2.96935
-2.96215	5.79744
-1.93916	4.53281
-2.69132	2.79899
-4.59448	1.20897
-2.08238	-3.05229
-2.17045	-2.73738
-2.9322	-1.28249
-4.57961	-0.830645
-6.59136	6.03479
-6.72056	6.18456
-8.43621	4.86941
-5.08307	3.24519
-15.4439	-4.9587
-16.1089	-7.04923
-18.3958	-6.91954
-16.5537	-4.64188
-16.1028	-2.67265
-14.1491	-0.992449
-13.004	-0.355971
-11.2769	0.669951
-9.85468	1.66583
-9.20437	4.6568
-6.61807	2.26532
-7.56199	3.51189
-7.11944	2.1119
-5.9649	1.86277
-6.45623	2.08772
-4.51841	0.496236
-4.30265	2.8344
-7.87884	4.80215
-18.3959	8.75603
-14.2745	-1.06536
-15.2641	1.11189
-18.7688	-3.2312
-18.7979	-2.09242
-18.9326	-3.03685
-18.9686	-4.1382
-17.8548	-4.46163
-16.2143	-5.24612
-15.1863	-6.56078
-11.0087	-3.94274
-8.59628	-4.35091
-7.02353	-4.47653
-9.31848	-8.397
-9.3356	-9.01288
-9.84492	-9.21762
-9.10307	-9.01763
-9.38504	-7.72082
-10.104	-1.06519
-5.04802	3.02489
-2.64166	0.627714
-3.88632	-1.63072
-3.21733	0.17035
-3.46467	0.941897
-3.46501	1.42925
-2.24924	4.84752
-5.58346	7.89548
-10.7146	-5.95889
0.16324	-10.0126
0.604279	-11.5488
-0.894269	-11.1662
-0.729025	-8.10938
-3.15591	-8.09061
-1.67108	-4.83975
-1.38474	-5.71488
0.823502	-0.58447
-4.7188	-4.96082
-2.0175	-7.06268
-0.149268	-5.91989
1.09164	-4.24493
3.68507	-1.42034
0.486891	0.380268
-1.61637	4.95323
-11.8504	0.0613674
-11.6471	-0.306019
-10.5185	3.02219
-16.3088	5.5318
-13.0532	-2.63911
-15.1189	-7.65522
-3.49357	-4.448
-10.8051	-7.42421
-13.721	-7.21804
-14.343	-6.4202
-13.0382	-6.89944
-10.5538	-7.35526
-7.50536	-9.19445
-12.628	-8.24892
-12.564	-4.45588
-12.5646	-2.71275
-12.3268	-2.47508
-12.9972	-2.79727
-13.7663	0.237339
-11.1663	0.894951
-8.44193	-1.92751
-9.26301	1.31587
-6.48876	4.54696
-5.29357	3.20114
-7.62022	-1.0381
-11.2153	0.843127
-15.3888	-3.64412
-9.01993	4.01514
-13.0875	1.38353
-10.3023	2.18607
-9.34145	1.91922
-11.7899	2.33309
-9.73432	0.820484
-10.9191	-1.06621
-15.5186	3.62524
-10.4054	3.2841
-14.0676	1.82469
-12.6008	3.60295
-12.1632	4.27906
-13.2832	1.49969
-10.9268	-6.17134
-14.6843	-14.1963
-15.502	-14.5759
-13.7224	-15.0426
-11.8801	-13.2246
-12.1133	-8.10308
-13.0028	-0.924592
-9.45232	2.29185
-6.01753	2.29389
-4.71886	1.28106
-6.7244	0.616865
-12.823	-5.38503
-9.46087	-4.45215
-7.10931	-10.1601
-6.0933	-10.0824
-7.73867	-14.2355
-7.85886	-9.86453
-7.86976	-7.5367
-0.307083	-4.94377
-7.94403	-7.49192
-8.38712	-9.68326
-8.12307	-10.2672
-7.60954	-9.13783
-6.57223	-6.39287
-2.75279	-4.75667
0.111814	-2.23478
0.732709	-0.330065
-4.97342	-1.41276
-11.9362	-6.46641
-11.43	-3.68208
-15.3457	-8.84985
-14.6116	-11.2025
-13.5028	-10.8041
-8.72315	-9.19489
-3.72902	-8.53107
-5.35875	-6.21987
-4.27507	-3.5803
-1.39617	-6.81571
-0.866712	-10.5767
-1.2515	-11.7265
-3.11867	-9.21307
-6.59098	-7.15454
-10.0743	-6.09555
-12.9128	-6.14337
-14.0163	-9.19296
-15.1872	-10.9123
-13.9066	-12.3761
-11.3846	-8.67471
-8.22177	0.312053
-5.84977	-2.06023
-4.26695	2.76167
-3.98145	0.584345
-6.9416	-0.280649
-8.84083	-1.38173
-12.2325	5.63306
-16.0456	-2.94846
-19.3329	0.370859
-15.4035	4.30131
-18.1147	6.47585
-16.2806	-0.475177
-17.7105	-4.96735
-15.6726	-7.81903
-15.608	-7.84589
-16.125	-7.12785
-15.9187	-6.56865
-15.8175	-6.74271
-15.837	-6.64519
-15.8226	-6.49445
-15.0995	-5.36074
-13.2469	-6.32672
-11.7729	-7.72503
-10.9447	-10.4441
-12.2111	-10.9558
-13.7696	-10.0768
-17.5934	-10.5321
-15.8258	-8.61827
-15.8985	-6.99895
-15.7057	-6.52828
-15.8448	-5.43426
-15.933	-4.75097
-15.8155	-4.04672
-10.571	-0.269285
-7.80983	0.257371
-11.0634	-1.39508
-14.7745	-5.77327
-15.9806	-6.58469
-17.8359	-8.06591
-19.1329	-7.92263
-19.3539	-7.66608
-18.6433	-5.9736
-14.489	-8.08352
0.545333	-9.9141
0.727869	-5.7454
-7.67621	-8.48878
-10.5137	-6.95137
-6.42555	-7.6577
-7.12313	-0.423568
-12.9601	-2.1121
-14.433	1.46662
-15.7818	-2.42863
-14.3513	-1.20362
-11.7354	-4.95421
-7.23081	1.11065
-18.0334	-6.32522
-21.4398	-5.88505
-21.5597	-4.25349
-22.4017	-2.41231
-22.2985	-0.0868284
-16.645	0.370363
-9.96348	-0.533752
-8.36645	-3.82591
-12.2722	-10.6548
-14.8794	-7.62285
-5.15718	-0.189127
-6.55206	1.51803
-9.46655	5.51009
-12.4978	0.31601
-9.34395	-2.1692
-11.0264	-5.6265
-11.904	-12.0644
-5.10618	-9.64787
-2.89293	2.18836
-11.7746	2.81851
-14.521	-4.30279
-17.8927	-3.29009
-16.149	-6.49184
-12.9987	-11.206
-11.469	-13.3777
-11.8868	-13.1036
-12.5668	-14.7341
-14.4824	-15.2627
-16.8912	-15.0267
-17.1555	-14.896
-17.9137	-16.0879
-19.5837	-14.7338
-18.3018	-12.3124
-17.6932	-11.1991
-17.5511	-11.4487
-17.4271	-10.1969
-16.0098	-7.37326
-14.7986	-4.83744
-13.671	-1.48398
-11.0228	0.921637
-7.67222	3.78353
-5.31047	3.75492
-4.38872	-0.32432
-2.72549	-2.15147
-2.89056	-1.31273
-0.176387	-3.93963
-3.57568	-2.67367
0.172656	-2.92398
-5.6533	-5.96849
-6.96416	-7.43337
-9.97963	-7.4477
-13.2327	-6.74194
-15.2292	-7.92334
-15.8688	-10.0973
-16.9181	-11.4277
-18.8041	-11.3454
-19.1054	-11.8764
-18.2003	-12.4138
-18.0109	-9.87502
-17.0201	-8.41418
-18.9004	-6.97711
-15.9557	-6.78566
-12.5332	3.03148
-15.5506	-1.79772
-15.2093	-9.43564
-16.5898	-6.75719
-15.4501	-3.15126
-13.5481	-2.82105
-14.9095	-1.74565
-15.868	-5.20108
-14.2717	-1.94611
-11.9896	-3.50732
-11.4182	5.01803
-14.5845	0.613629
-10.9938	3.21377
-10.7855	2.05177
-13.3178	0.212127
-11.1742	3.95964
-11.7415	0.582836
-11.2241	5.68694
-12.716	2.23516
-11.0493	-0.119198
-7.18964	-1.12114
-10.3726	-0.159538
-8.31946	1.10674
-9.0166	-2.60829
-2.62025	-1.93648
-2.89369	-2.53327
-5.30507	-2.80894
-9.57153	-2.2936
-6.46758	-2.1214
-1.92487	-7.19011
0.481139	-9.94267
0.937855	-11.3254
0.0066633	-7.56972
-2.92304	-5.1818
-2.96445	-4.07274
-1.87737	-5.43535
-2.74435	-3.51376
-3.44962	-3.43532
-3.46541	-4.42869
-3.40083	-3.25128
-4.74407	-4.72916
-0.895851	-7.44438
-1.19662	-9.65929
-0.096037	-6.3645
-3.50976	-6.03127
-7.84043	-8.76259
-11.5336	-6.27356
-14.1062	-5.57489
-13.2192	-5.71824
-12.9733	-5.01262
-13.502	-3.79685
-12.3326	-0.951574
-12.6531	-1.2138
-12.864	0.410622
-10.6204	0.411642
-9.19267	-1.26837
-6.10572	-4.4832
-3.41228	-6.28443
-1.90884	-9.37278
1.12547	-12.9062
2.29171	-14.1146
4.04462	-14.9533
5.96671	-14.0288
5.89415	-11.4466
3.3474	-2.2334
2.28426	0.880986
0.417939	1.60574
1.2706	1.50044
-1.48958	-1.40042
0.655445	3.36636
-1.16048	3.06561
-7.0405	-3.75107
-7.55837	-15.05
-0.916928	-3.59382
-7.08043	-8.41237
-10.5727	-9.42802
-12.5936	-8.424
-15.13	-8.00971
-15.7713	-7.94641
-16.3683	-7.70901
-16.063	-7.70799
-15.5164	-8.89677
-14.0412	-9.87055
-9.17774	-6.13371
-4.67753	-2.14024
-5.75826	-2.6161
-6.04441	-3.87038
-6.26464	-1.92999
-5.24789	-3.08183
-5.86519	-4.44141
-4.4114	-3.18155
-5.8616	-4.52328
-3.13802	-7.92587
-2.56851	-5.85232
-8.80494	-3.24596
-3.03821	-6.79781
-6.12733	-4.29893
-3.956	-6.39047
-5.54191	-0.421713
-4.04866	-6.24898
-10.5766	-9.53199
-17.3959	-7.92767
-18.1824	-7.8759
-18.3077	-6.77106
-18.3704	-6.45758
-17.5061	-6.74455
-14.4253	-5.12237
-7.66432	2.25068
-7.12415	0.489816
-9.0309	0.778022
-15.5523	-5.04764
-17.0135	-6.90895
-19.4134	-6.7814
-19.6008	-5.77445
-19.5657	-3.65111
-17.483	-4.12754
-16.8013	-4.75935
-14.3619	-5.96052
-12.0005	-7.64563
-7.63765	-6.29967
-6.38739	-0.491306
-6.46836	0.114288
-3.54038	3.11478
-2.34299	2.57113
-3.01033	2.65957
-8.72481	-1.66237
-4.16628	-2.9826
-4.14995	-3.80898
-5.00451	-3.98981
-6.5735	-4.72185
-6.54632	-5.27815
-8.30896	-7.27341
-13.1054	-5.88136
-15.4028	-5.81679
-16.9493	-6.25438
-16.7302	-6.77449
-15.686	-6.06266
-14.8092	-3.98994
-14.2213	-1.99644
-10.9663	1.39508
-5.83637	-2.02192
-6.97386	-1.73405
-6.2129	-3.74335
-6.73851	-3.10294
-5.87196	-4.13306
-5.27879	-5.2399
-4.47045	-7.0624
-7.68999	-2.49306
-5.73603	-3.72795
-5.16669	-4.3311
-7.70376	-3.45992
-8.92758	-9.55156
-11.5963	-14.3395
-13.4084	-19.6473
-15.3182	-20.5762
-16.8041	-20.1919
-19.1368	-16.7057
-20.3121	-16.7439
-22.3666	-12.78
-23.9206	-10.1409
-21.4313	-9.33929
-21.0222	-7.31945
-19.4974	-4.90852
-17.4109	-3.56519
-14.0155	-4.17714
-9.83378	-5.98765
-6.36729	-5.22274
-5.96365	-2.05545
-2.0402	-2.87915
-2.81562	2.19823
-5.36677	1.80394
-1.33905	-3.25308
-1.20997	-1.90497
-2.73045	-1.74752
-3.18697	-1.49601
-10.7014	3.51197
-9.49776	7.34399
-2.12717	10.6645
-7.85949	2.0737
-4.90691	3.44161
-2.48765	2.0375
-2.96874	-0.550316
-3.96097	-0.62474
-3.57347	-3.65877
-11.3517	-12.6322
-18.0355	-7.866
-18.9496	-4.59121
-18.9681	-5.3526
-19.1141	-5.62553
-18.6666	-5.35839
-18.4305	-4.72306
-18.8809	-4.66516
-19.5643	-5.27719
-18.227	-6.66366
-17.9832	-7.82956
-18.0345	-5.30068
-7.61591	-2.88924
-5.01341	-6.52773
-13.8113	-13.2859
-18.9293	-7.24173
-16.2098	-9.18105
-7.53363	-9.94282
-7.26946	-11.6471
-7.12507	-12.7885
-6.29422	-11.4569
-2.02995	-11.3592
0.731946	-4.42049
-1.49144	-2.51357
-1.34547	1.86908
1.8565	-1.68776
0.298594	2.83524
-0.516514	-3.28789
-0.170502	-6.08579
-5.05794	-8.94444
-6.40811	-10.2216
-8.51231	-12.9642
-11.2942	-11.467
-12.3907	-10.7984
-12.6899	-9.22506
-11.3269	-6.42095
-6.75037	-2.61543
-3.50714	-2.91416
-4.45095	-3.28828
-4.13752	-3.14778
-5.11393	-2.11896
-4.97202	-2.16838
-5.50939	-0.981814
-5.52147	0.813214
-6.61879	0.30591
-7.26879	1.87312
-4.22168	1.45626
-12.8485	0.321863
-16.3275	-1.40787
-14.1569	-7.06957
-13.9078	-8.96764
-14.5792	-10.6129
-15.0311	-13.6666
-17.4245	-15.6523
-18.8412	-13.1719
-19.2565	-12.8689
-18.5825	-12.8574
-18.6495	-14.424
-19.0627	-14.1313
-18.9697	-14.9183
-19.7606	-16.3532
-18.1902	-15.7568
-17.7655	-15.6988
-15.0078	-16.3818
-13.4296	-10.1038
-9.01061	-8.05339
-7.01729	-5.17172
-6.37776	-1.2264
-6.52229	-1.83229
-6.57631	-3.27848
-5.91278	-5.38183
-12.5021	-6.36177
-18.9333	-12.6307
-19.6115	-9.13828
-20.418	-7.23883
-19.8374	-6.0943
-18.6365	-5.311
-19.3975	-3.40333
-14.5878	0.341506
-17.8603	-2.77881
-20.1372	-4.90033
-21.7722	-3.31164
-21.4091	-3.23177
-21.1437	-2.04608
-20.1811	-2.30032
-18.6451	-1.74644
-15.5188	-1.08253
-11.8552	2.43985
-6.78261	1.20261
-5.59968	-0.629306
-2.91036	-2.39062
-6.89974	-4.17087
-5.78081	-4.02184
-4.3031	1.71968
-4.76606	0.100728
-9.01793	-1.23222
-4.34659	-2.0866
-3.24885	-0.689568
-12.2811	0.797645
-11.8319	-5.10438
-11.44	-4.9467
-9.83665	-5.55664
-8.10663	-5.25819
-6.96247	-7.24018
-5.69023	-7.73582
-3.86164	-8.48168
-2.16719	-8.40832
-2.79529	-6.20184
0.163422	-1.21846
-2.25474	-1.34372
-3.1532	0.0850722
-1.21111	0.755066
-0.118778	-2.86393
-2.71239	-1.54738
-1.61403	-3.63813
-2.62638	-1.24726
-2.26644	1.61266
-3.12874	2.11534
-4.78971	0.995983
-8.63544	1.19388
-11.9096	-3.98886
-15.71	-7.58885
-14.256	-5.62986
-16.3328	-6.33664
-14.5779	-8.76191
-11.8193	-8.88578
-9.00676	-6.84507
-7.76618	-6.48838
-11.1389	-7.26136
-9.302	-7.21276
-10.5471	-6.1134
-1.94361	1.21918
-3.17686	0.917402
-2.40748	2.34888
-2.33894	-0.636554
-3.06734	0.773228
-3.52031	2.00135
-3.83452	1.9297
-1.10092	-0.0540278
-1.51731	-1.09249
-2.79684	-1.14024
-2.88836	0.814182
-3.01312	-0.421754
-2.76125	0.366898
-5.7358	-11.9369
5.06662	-5.78485
-11.4217	0.117372
-13.9778	3.17253
-12.3442	1.75462
-14.426	0.471161
-14.212	1.73159
-13.1325	3.99265
-13.4199	0.081881
-12.071	0.549276
-3.19342	1.39007
0.128609	-6.15121
0.355028	-10.0242
1.89014	-12.3044
0.948841	-12.5521
0.7255	-13.8953
-0.762438	-13.0616
-3.39867	-12.356
-4.24301	-12.8773
-5.41743	-10.8657
-5.30464	-10.2548
-5.00344	-10.0246
-2.26856	-8.03007
-0.322733	-8.19432
1.23689	-8.64236
3.33027	-6.49527
7.64312	-6.25725
3.66255	-7.25101
5.31376	-2.74981
2.79973	-4.83611
4.04182	-10.0162
-1.5331	-10.277
-1.60958	-12.319
-3.41114	-13.8039
-4.69657	-13.5848
-5.32337	-12.6505
-5.10781	-10.2156
-4.96274	-10.0785
-5.04986	-9.00435
-4.76818	-8.5242
-7.87947	-6.09579
-7.62418	-5.9598
-10.5058	-7.54831
-10.3831	-4.68366
-10.1177	-5.87636
-7.54562	-3.22919
-8.12401	-5.52859
-5.60495	-5.12292
-3.21862	-4.49333
-11.0551	10.3332
-17.0412	4.39873
-18.5294	-3.2472
-19.8137	-5.78238
-20.6064	-5.41777
-21.9231	-7.52241
-20.6876	-10.7285
-18.1053	-13.9915
-14.5653	-14.4545
-12.4874	-12.055
-12.2862	-9.82611
-11.4271	-4.31712
-9.38367	0.103586
-6.52935	-4.10902
-5.78427	-1.92151
-13.3773	-8.12094
-11.2556	-10.0124
-10.3687	-10.3521
-12.4819	-3.19788
-9.62383	-0.684624
-6.36535	1.19457
-12.593	-0.544305
-6.59576	1.46668
-4.37603	-3.50353
-1.7582	-7.41253
-1.42925	-8.92773
0.867253	-6.8674
-0.853841	-3.95317
-4.22766	-6.50305
-8.69024	-5.943
-13.617	-6.71818
-15.1637	-7.05586
-16.5404	-6.58593
-16.6832	-7.12947
-17.3972	-7.88258
-16.3244	-8.21343
-15.3306	-9.88943
-15.1807	-9.90946
-14.0414	-9.0699
-12.6278	-7.96671
-9.45889	-5.29358
-7.84367	-4.12309
-7.88919	-2.89631
-5.28164	0.230083
-5.03837	-0.0376107
-4.54671	-0.129138
-4.52365	-0.646088
-4.84851	-0.949134
-4.4711	-3.8825
-10.3715	-7.31438
-12.9218	-6.5292
-12.549	-7.1414
-10.8915	-7.66688
-9.4805	-6.63803
-7.10434	-2.93079
-5.40098	-0.869254
-5.27491	-1.57405
-7.35681	-1.37141
-10.4822	-3.62349
-12.0805	-3.85973
-11.5136	-3.00503
-10.6309	-4.50572
-9.46515	-6.46347
-8.84535	-7.15356
-8.80387	-8.33339
-8.30135	-8.1034
-7.65353	-5.92714
-5.08495	-4.69982
0.812997	-3.15726
-3.80341	-3.73219
-6.91828	-10.1413
-5.91053	-8.49026
-4.80788	-1.52432
-8.00202	-2.6556
-8.15234	-3.33859
-9.97054	-2.26032
-9.67497	-0.224699
-8.41753	-2.31703
-15.8652	-5.91477
-12.1791	-7.46086
-7.30063	-8.89521
-13.5357	-6.45141
-12.8206	-9.77731
-13.3002	-9.3691
-13.5678	-10.468
-10.5405	-11.4843
-9.24684	-10.7337
-9.59823	-10.4313
-7.74149	-11.0238
-7.20814	-8.07335
-3.18818	-8.78317
2.70388	-3.73362
-5.48205	-7.07635
-10.8791	-9.1617
-8.90951	-4.97121
-8.61341	-13.6168
-7.44932	-12.0222
-6.09257	-12.163
-9.35501	-3.82122
-9.86987	-7.58733
-6.01452	-5.96647
-8.59914	-8.23087
-8.0357	-2.78037
-12.8066	-5.22537
-13.8861	-3.39438
-15.4247	-4.92415
-16.1769	-5.63839
-16.696	-8.66081
-14.9234	-13.2512
-16.1733	-12.7845
-14.2375	-15.874
-13.4726	-19.4518
-14.7023	-19.2602
-15.1221	-21.1293
-16.4525	-20.6148
-16.6072	-20.9986
-16.7952	-20.0315
-15.9931	-19.6325
-16.5123	-18.5764
-16.7578	-17.8784
-18.5625	-15.6214
-17.6519	-16.6943
-16.7351	-16.6373
-17.2817	-14.8714
-15.9664	-13.874
-15.2756	-9.89458
-13.3191	-8.50244
-11.9413	-9.37578
-9.21424	-7.6319
-7.47175	-6.71761
-4.61029	-8.48665
-2.76517	-8.53643
0.0659219	-11.0616
-1.3917	-8.13039
1.28321	-9.0815
0.731676	-8.36027
-1.38515	-6.93123
-0.294494	-7.39936
1.37529	-4.4501
3.81996	0.999929
0.253704	0.594431
-4.2955	5.71665
-4.1993	4.53056
-9.59922	2.30985
-9.60693	1.19255
-13.4669	0.370041
-11.7099	7.01461
-12.3484	4.53248
-8.41198	6.17138
-14.1259	4.7631
-13.967	0.157538
-13.8245	3.33542
-11.7073	4.25686
-13.6023	2.82887
-11.2716	3.48083
-13.4607	2.18498
-11.4371	4.76344
-12.1907	1.85767
-13.4965	4.63482
-10.9515	3.40259
-5.2596	-0.78134
-9.55036	2.25603
-4.18284	-5.40779
-9.16494	2.0474
-10.8356	2.4242
-11.6086	4.63167
-9.66604	5.41397
-11.981	4.07542
-9.5221	3.73338
-6.10125	0.445544
-10.4979	-6.49874
-11.4154	-5.95076
-10.4099	-8.00413
-11.7234	-6.15477
-10.188	-8.03879
-17.5654	-7.66067
-20.2165	-6.66396
-20.5399	-4.8242
-19.5218	-4.81821
-16.8888	-5.05642
-12.9052	-7.59632
-7.67346	-2.6346
-4.30491	-2.1371
-6.35924	-1.95189
-12.0697	-12.4821
-5.07752	-2.61677
-5.73906	-4.83987
-0.456891	0.510212
-5.24656	0.662237
-9.57266	1.69817
-11.6322	2.92755
-11.63	-3.482
-14.3383	-7.12884
-18.7815	-7.49381
-14.8503	-7.93672
-18.0265	-9.02936
-17.0535	-7.71732
-17.026	-7.56301
-14.9917	-8.17733
-13.774	-8.86003
-11.2431	-8.61958
-7.4528	-9.7463
-3.98189	-10.5968
-2.46758	-12.8736
-4.31226	-9.63927
-4.1553	-5.54505
-3.77572	-4.92276
-2.63578	-6.21788
-3.26793	-5.41544
-2.61301	-4.09408
-2.94352	-5.33352
-2.82086	-7.31055
-11.8671	-9.18675
-13.2268	-9.94182
-15.2134	-10.4494
-15.6534	-9.65978
-16.2037	-10.9562
-14.6797	-9.57027
-9.06867	-6.98703
-3.95599	-0.319652
-4.5123	0.158351
-7.91786	-5.3969
-11.8426	-4.16899
-11.8319	-3.84363
-11.2854	-1.8971
-8.0281	2.0583
-6.76407	8.10927
-6.1509	-1.20512
-2.87421	-6.24288
1.20546	-11.589
2.25911	-12.4094
1.99155	-11.1028
3.77261	-4.13827
-1.48178	-1.29067
-6.89407	-7.06476
-7.60141	-10.1592
-11.4733	-11.0931
-16.0765	-9.98205
-17.0303	-8.76375
-18.4013	-6.55982
-18.9662	-5.50559
-18.6704	-5.90687
-17.2122	-6.29597
-14.5443	-5.87091
-13.1518	-7.10973
-11.247	-8.30167
-8.23202	-8.57262
-3.10214	-3.55836
-2.52524	-3.909
-3.8861	-5.47259
-4.4335	-7.60658
-3.2289	-5.75777
-2.83396	-5.80695
-3.70673	-8.08482
-3.87302	-11.9184
-4.32068	-11.3793
-7.09451	-12.0405
-9.48614	-10.6095
-11.9058	-9.63111
-14.0562	-10.5627
-14.9221	-10.2507
-14.8027	-8.7378
-14.8336	-7.45341
-14.3397	-6.33743
-7.0368	-7.93346
0.871887	-1.29066
0.483691	-3.907
-5.48777	-17.7224
-2.13129	-5.49226
-6.19633	-6.47228
-13.6267	-9.6514
-10.5276	-3.54946
-9.52532	-3.55513
-6.31717	2.26914
-8.61597	-1.62342
-9.63015	-3.40123
-12.7293	-11.397
-11.4704	-6.75093
-6.21819	-5.9452
-11.6693	-10.6024
-11.1022	-11.6312
-10.2121	-12.2034
-7.06573	-13.1571
-6.71863	-12.8197
-2.24346	-8.10287
-1.10494	-2.83164
-0.225149	-1.59368
-2.47622	1.86136
-2.34849	4.65407
-7.17133	-1.73675
-7.83706	-1.14541
-12.6969	-14.4861
-16.2614	-15.0052
-16.5744	-13.0685
-16.1672	-13.4319
-13.6098	-11.9448
-12.9344	-7.29282
-13.5889	-5.37879
-13.9677	-3.61335
-14.0738	-0.637438
-13.3237	-0.122593
-7.98851	0.942027
-4.05036	1.45077
-3.90869	3.60296
-6.9461	-0.419843
-11.3546	-2.1258
-12.1515	-2.36684
-11.2971	-3.18837
-9.83681	-5.73168
-9.02327	-6.39825
-7.1713	-6.49525
-5.61921	-6.56614
-0.171439	-0.413543
-0.614836	0.78995
-1.62024	-2.02674
-2.28467	1.28256
-10.1635	-2.78627
-13.1146	-4.92496
-14.0001	-5.59701
-14.494	-6.72576
-14.6407	-9.73263
-15.2822	-9.88948
-14.4271	-13.0619
-14.4815	-12.9008
-13.455	-12.182
-13.278	-12.0207
-15.6638	-12.0425
-18.5924	-9.4958
-19.5749	-8.44594
-21.5983	-4.9298
-20.7265	-6.28055
-19.6573	-8.30827
-18.5569	-9.4164
-17.0426	-9.85839
-16.5019	-9.686
-15.5275	-10.1159
-15.0271	-10.4981
-15.1238	-9.81965
-15.6688	-7.96845
-14.0392	-5.80995
-10.9366	0.35844
-10.9653	-0.66167
-10.8599	-10.5362
-15.2976	-9.18237
-11.3564	-7.86423
-11.5151	-10.5013
-8.47384	-9.20567
-15.3273	-2.46656
-11.8948	-2.96265
-13.1856	0.286501
-11.376	-0.717377
-12.4411	-3.43165
-12.6228	-0.1155
-15.2398	0.0354778
-13.9424	-1.78132
-14.1253	1.45724
-12.9872	-0.00897274
-12.6543	4.24586
-10.68	-3.95155
-12.4348	1.25243
-11.8167	5.23855
-13.5386	3.22473
-10.6192	2.9047
-12.7477	4.44865
-10.0989	4.22208
-10.4178	1.73311
-8.16387	-4.31115
-14.9151	-8.84943
-14.6182	-6.82639
-17.1527	-6.64459
-17.5868	-6.54365
-17.0048	-6.8301
-16.4657	-7.83561
-16.5919	-8.4974
-15.1526	-9.84542
-9.0767	-9.13436
-9.02029	-3.36681
-8.67094	-3.57144
-14.0268	-9.57757
-15.3397	-8.69352
-16.0044	-7.41217
-15.95	-6.97947
-16.464	-7.37075
-15.6675	-7.58999
-15.8315	-8.69569
-13.7399	-8.60926
-12.1317	-6.77075
-9.46746	-3.8318
-6.04719	-3.02504
-2.62031	-3.41341
1.77226	-5.97637
1.63656	-8.55501
4.83229	-11.9111
4.42382	-12.0556
3.2052	-14.4911
2.16009	-14.5574
0.289205	-15.2247
-3.51571	-15.6372
-6.88742	-15.7798
-9.47458	-11.7303
-13.0971	-10.5787
-16.634	-9.09503
-18.2322	-7.86453
-20.4541	-8.84421
-22.0254	-9.42641
-23.3567	-7.46817
-24.4522	-10.6493
-22.1395	-10.4024
-9.59473	-2.62334
-13.7714	-5.25443
-12.8185	-4.46719
-16.4229	-6.2589
-14.4166	-4.60051
-14.9993	-2.66644
-9.45123	0.329285
-13.1384	4.32969
-17.3076	1.93251
-14.2491	-5.03079
-13.3399	-1.88423
-10.8367	1.91168
-27.3723	-6.00982
-23.5715	-7.71108
-15.8924	-8.88718
-19.1028	-11.4049
-17.7133	-12.1588
-16.0482	-10.4594
-12.3671	-1.80536
-10.1113	0.366523
-7.53066	0.286161
-6.544	1.84692
-6.25622	-0.0954714
-5.61843	-0.461053
-3.40569	-1.10494
-2.73612	3.61848
-5.20751	-9.56799
-3.55144	-9.27308
-1.60554	-8.7147
-2.60584	-11.8554
-0.896385	-9.34663
-3.86509	-7.67608
-1.41307	-6.01935
-4.64297	-8.14598
-2.50321	-1.82017
0.796453	-2.19879
-1.09515	-8.99306
1.15523	-9.73797
2.54555	-10.8345
2.75453	-10.6134
4.47682	-10.3191
4.10557	-8.785
5.81382	-10.8396
5.71704	-9.6516
4.7852	-8.72594
4.07856	-10.4806
4.34852	-10.8526
2.60554	-9.98973
0.0743688	-7.87711
-4.24418	-5.24918
-7.47755	-5.44454
-4.14079	-4.39247
-2.61167	-2.43995
0.895494	1.48788
-1.1883	3.91241
-1.80624	2.11065
-5.4018	1.00959
-7.77395	0.920069
-13.3792	-6.59498
-9.35812	-14.1885
-9.45118	-13.6649
-9.10162	-10.8854
-9.48664	-4.60606
-3.85187	-3.31873
-2.18807	3.79445
-1.70921	5.55257
-6.15037	-2.83112
-3.96636	-6.55043
-4.05675	-7.88297
-5.28771	-6.46533
-4.92986	-13.5822
-4.05043	-11.5163
-3.59501	-5.33254
-3.2404	-4.32035
2.36009	-3.82464
1.73256	-7.86177
2.44727	-8.9327
1.26699	-8.00863
-0.322721	-7.25856
-1.99871	-4.19244
-5.0178	-1.58799
-0.698447	-1.1287
2.87341	6.90554
-5.44838	-1.96616
-10.3675	-5.93458
-8.46631	0.431595
-9.6762	-0.49371
-9.12749	-0.883187
-12.4502	6.13464
-6.57574	1.39408
-9.1061	-1.06911
-7.98947	-4.45673
-7.97991	-5.97763
-7.97506	-9.00904
-6.39286	-8.89912
-11.0259	-8.64234
-12.4484	-6.2657
-13.1019	-3.73443
-13.3843	-0.861229
-12.9336	-1.17453
-12.9131	-0.529064
-12.4789	-0.252237
-12.1403	-2.26424
-9.01058	-1.81646
-9.50262	0.986905
-8.40045	5.41635
-10.7311	3.21869
-10.9844	5.13108
-12.7438	3.69538
-9.04907	4.05084
-11.5595	5.56906
-12.2373	6.16035
-11.7055	1.98541
-10.8783	-9.5082
-13.428	-15.2651
-16.0173	-18.2972
-14.3644	-18.1933
-12.9189	-19.3826
-12.9232	-15.298
-11.0787	-15.6493
-10.3088	-10.4279
-9.06402	-4.25871
-6.86144	-3.56003
-5.64304	-3.33937
-6.59661	-2.00347
-6.08674	-3.78953
-5.79938	-3.26057
-5.78466	-0.570053
-4.36653	-2.85255
-3.81941	-0.23322
-0.876838	4.3367
-3.94286	3.75065
-8.78601	-0.109954
-4.4629	5.21895
-8.50933	1.65257
-8.93751	-3.12439
-13.8748	-4.33842
-18.458	-11.7045
-21.1512	-12.3472
-21.4769	-10.2858
-20.8576	-8.82902
-21.021	-8.8492
-20.699	-7.70576
-20.8722	-8.76334
-20.4691	-8.53393
-17.4291	-8.71258
-10.0472	-7.01079
-7.96551	-2.75895
-15.447	-5.59282
-13.4723	-6.8594
-13.4295	-2.61106
-12.8101	0.00251349
-12.3076	-2.55903
-14.5333	-1.69894
-12.1622	0.0756173
-9.69272	-3.29652
-9.665	-1.32449
-8.87461	-3.95131
-9.05063	-2.52698
-8.03369	-1.0565
-7.48209	-1.51613
-9.02132	-1.78485
-8.65069	-0.379587
-7.71719	1.11078
-17.9246	-8.09483
-17.2532	-7.57132
-16.1403	-5.54486
-15.9825	-5.04255
-15.173	-5.83846
-13.2063	-6.53964
-11.6411	-6.42249
-7.7679	-3.06271
-7.17368	0.199764
-2.6873	-6.34918
0.255068	-11.1164
1.18685	-12.5898
3.17355	-14.7249
2.31119	-13.5295
3.90025	-14.715
3.02003	-14.1543
2.92055	-16.9256
0.717126	-15.5484
-1.32484	-14.7184
-3.41719	-14.523
-5.70403	-13.3111
-9.63634	-12.1679
-14.35	-10.0701
-17.866	-7.38682
-19.1885	-8.89157
-18.6085	-8.6879
-14.2732	-10.7686
-14.3996	-9.99741
-13.1128	-9.55994
-12.5535	-7.29831
-13.4317	-3.68945
-10.1409	-5.13228
-7.71279	-1.67906
-10.6793	-10.1921
-12.5443	-7.74173
-11.1862	-4.74744
-10.9639	-1.25595
-11.4624	-7.12352
-15.4947	-3.70143
-12.912	-8.21351
-13.6696	-6.47116
-10.204	-0.57726
-16.7811	-13.1934
-15.6904	-16.0207
-15.9008	-12.0041
-15.7248	-8.9783
-16.1979	-1.69724
-8.3864	2.72274
-7.13049	-0.47653
-6.92179	0.522534
-2.59523	0.308415
-4.09295	-0.641718
-2.5932	-1.81376
-4.55336	-0.254593
-1.78071	4.70202
-7.45108	-5.48274
1.48803	-8.32239
-1.0091	-2.48788
-2.60123	-6.1795
-7.95718	-7.76065
-10.0081	-12.6668
-13.3596	-11.9757
-14.5293	-13.2425
-14.7402	-13.5329
-15.5035	-13.4375
-16.3612	-15.0205
-15.9104	-13.4529
-14.2944	-13.3973
-15.715	-11.3151
-14.479	-9.82594
-15.7855	-5.58382
-17.3281	-1.7274
-14.4407	0.132894
-6.33293	2.67095
-6.69444	2.7175
-5.99312	0.737241
-5.91234	-1.10217
-5.99785	-0.491402
-8.0416	-1.07677
-14.6821	-10.1313
-18.1555	-9.63145
-18.7104	-8.78548
-19.1915	-7.73835
-19.1053	-7.68153
-19.1746	-7.54315
-18.6193	-6.15731
-19.6372	-5.2166
-18.7285	-4.74094
-19.3363	-5.59242
-19.5463	-4.96371
-20.2548	-3.76084
-14.937	-5.07304
-12.0291	-0.220198
-9.85412	-0.567903
-12.6821	-6.42798
-15.9305	-4.2506
-13.8668	-2.51384
-12.6866	-2.42606
-10.0144	-2.68272
-7.41247	1.6577
-10.7709	-3.36797
-10.8314	0.697418
-13.0103	5.39801
-11.4922	4.7302
-9.09225	4.52167
-11.8776	0.96751
-11.8895	3.53993
-10.3042	4.43666
-12.535	-0.232576
-11.8368	3.68223
-12.2274	3.26931
-3.93382	3.1415
1.91609	-11.6977
4.76453	-10.9456
5.74034	-14.1657
4.03973	-13.0445
4.38498	-13.8344
2.32194	-14.3542
-0.693684	-14.0253
-3.17632	-14.0795
-6.04	-13.2672
-7.86805	-12.8315
-9.24458	-13.6522
-8.65102	-13.1327
-6.20595	-14.192
-2.8074	-12.8429
-1.59333	-9.68839
2.916	-11.5619
6.06008	-11.5702
5.93777	-9.36622
5.29685	-8.74926
5.96276	-5.83747
5.35733	-5.75303
-0.0111699	-8.53501
-0.984296	-11.6097
-1.63974	-13.3514
-3.48824	-14.0843
-4.73795	-13.634
-5.99189	-15.5191
-6.38449	-14.4487
-5.45476	-13.9285
-3.69615	-12.6293
-4.02222	-9.09392
-8.13958	-6.02077
-8.08467	-4.61519
-9.22135	-5.07245
-8.52395	-5.07101
-9.99707	-7.36388
-10.4306	-4.3123
-10.254	-5.12564
-8.84464	-5.89979
-7.08467	-4.03251
0.575532	-5.62409
2.23004	5.33391
-14.9296	8.39621
-17.9911	5.61096
-8.13206	5.53155
-19.0578	-1.45874
-22.9897	-5.41559
-24.1991	-6.66315
-24.2702	-8.91504
-25.217	-9.15273
-23.8338	-12.1106
-21.9943	-13.6479
-21.4301	-15.7574
-19.8059	-16.3287
-17.5525	-15.5821
-15.2429	-13.1218
-11.7581	-9.39287
-7.21334	-1.19668
-9.80847	1.26573
-14.3423	-2.28972
-15.5784	-4.47646
-14.7292	-5.13546
-13.7331	-5.10274
-14.7205	-2.13419
-9.864	-0.905412
-17.3674	-6.14336
-8.377	-2.10741
-17.228	-8.08707
-19.6996	-10.2969
-20.3372	-11.1315
-20.8615	-10.8737
-21.2991	-10.557
-20.0723	-9.77664
-19.2533	-9.17678
-19.5423	-9.6573
-19.6543	-10.419
-19.1865	-10.5554
-18.8222	-12.124
-11.2277	-6.16739
-10.0691	-1.20212
-9.87031	-1.04506
-10.6637	-0.876894
-11.53	-1.27783
-13.6545	-5.57767
-16.141	-13.6144
-18.1446	-14.3339
-16.8504	-13.1398
-16.1634	-12.7482
-14.988	-12.9053
-14.7641	-10.4675
-15.385	-10.5503
-14.9974	-9.29978
-15.2261	-7.17976
-15.7861	-3.27242
-16.2429	-1.5714
-13.3615	-2.64585
-8.2419	-12.8659
-9.45527	-10.7661
-10.0535	-15.0356
-10.5305	-16.1679
-11.4694	-17.7346
-12.5999	-20.3964
-14.1154	-18.2273
-14.2455	-16.3127
-15.1238	-16.0368
-14.1023	-13.915
-9.33595	-12.5999
-4.66578	-4.31134
-7.98412	-6.65013
-8.31457	-5.27011
-4.75459	-8.86796
-13.8982	-11.5224
-17.1344	-11.151
-17.5287	-9.41157
-17.7652	-7.77594
-17.9295	-7.35411
-16.4216	-5.12303
-9.1972	0.543846
-8.88905	0.496815
-6.70204	1.25019
-5.85663	1.9434
-6.58385	1.19972
-7.80978	2.84573
-6.16168	2.25156
-7.38459	2.32999
-9.25895	2.66963
-8.1524	1.17934
-17.3323	2.39152
-18.7687	-3.82313
-18.0961	-7.01936
-18.7708	-8.29748
-18.659	-9.29464
-19.9412	-8.22137
-21.1993	-7.03946
-21.02	-6.35518
-19.928	-6.79584
-19.8729	-6.41573
-18.9833	-6.51809
-17.8041	-7.30655
-16.1652	-6.91501
-14.625	-4.92766
-11.6285	-3.41325
-9.65686	-3.15344
-10.4375	-3.18162
-9.53628	-2.95429
-8.31189	-2.33693
-6.13117	-0.402669
-8.07688	1.59426
-9.59165	0.740888
-2.59303	2.23089
-3.78879	5.83052
-1.822	8.53505
-2.03059	4.9907
-4.6773	3.32627
-6.96722	3.09936
-3.88456	0.280672
-4.09113	4.11798
-4.78955	7.4992
-5.25273	6.68
-10.0763	3.93811
-6.3781	3.86329
-5.25872	2.88873
-6.05962	9.08077
-7.11596	7.802
-6.59174	0.507385
-11.4284	6.57379
-10.861	5.13216
-9.72758	0.229992
-12.7946	4.64175
-10.8308	3.1425
-11.4994	2.55267
-13.1088	2.02645
-11.9779	0.648223
-12.6138	4.0931
-16.2748	3.15663
-8.08516	4.59684
-12.1945	-8.39676
-11.3703	-14.3728
-14.025	-17.9607
-14.5166	-14.6479
-13.5934	-14.979
-12.9018	-14.667
-13.9858	-11.5526
-14.8978	-5.42222
-14.373	1.1017
-11.515	3.97292
-11.3257	2.34802
-12.1655	2.8214
-14.475	-3.21801
-15.7919	-4.13509
-16.6313	-5.89063
-16.5988	-6.2298
-16.6965	-7.4378
-16.7672	-8.47101
-16.189	-7.42407
-15.8678	-7.23607
-15.3749	-6.31727
-13.5333	-4.2409
-7.45251	-8.45719
1.31316	-3.16113
1.15994	-3.67827
2.19358	-5.10283
1.47072	-1.81381
1.54467	-2.60584
-4.79362	-3.23329
-7.40531	-8.04155
-12.3746	-8.6614
-13.5981	-10.5151
-13.9883	-10.7835
-14.5945	-10.1925
-14.1639	-10.1737
-13.1852	-10.0972
-12.8226	-11.5833
-14.3968	-12.1867
-14.9923	-11.3819
-14.8244	-11.3331
-15.0722	-11.7511
-15.0791	-11.6964
-15.3626	-11.9733
-15.0094	-11.3579
-14.6509	-12.172
-14.0831	-12.4138
-14.9805	-13.3927
-15.4197	-14.3136
-16.628	-14.4554
-15.5037	-13.6135
-15.0785	-12.2483
-13.9756	-11.7215
-12.2737	-11.4847
-10.7551	-11.5974
-8.20817	-10.4136
-7.33232	-9.8298
-6.16908	-10.8808
-6.26129	-7.4059
-8.26169	-3.68106
-10.5544	-3.52256
-12.7274	-3.36131
-9.75047	-10.8314
-11.0482	-11.9261
-12.3594	-13.2403
-13.536	-14.3158
-15.6279	-16.8416
-18.1292	-17.3083
-19.0979	-15.8599
-20.6246	-14.2703
-19.6177	-15.5273
-20.8565	-13.8311
-20.8651	-12.2952
-19.9304	-13.3354
-17.7457	-12.9034
-12.9786	-8.25497
-11.9492	-0.553241
-10.8465	-1.00955
-12.3464	-3.03741
-13.9432	-6.74972
-14.2279	-10.1364
-15.5751	-13.483
-17.2552	-16.8792
-18.2962	-17.7418
-18.2181	-16.7885
-18.7828	-16.701
-19.8547	-16.7444
-20.5799	-14.4952
-20.752	-12.1065
-19.7614	-10.7469
-18.7004	-10.0046
-16.2911	-7.99066
-13.4114	-8.50167
-9.60396	-5.91882
-8.33698	-3.98865
-4.91193	-4.42081
-3.93759	-4.0726
-1.81092	-4.22637
-0.735747	-4.76289
0.357229	-5.5339
3.23341	-5.14344
1.85171	0.772072
-0.66085	-4.11233
-3.68412	-8.6296
2.52665	-4.77558
-1.76146	-7.84738
2.55391	-6.08934
0.940966	-3.58683
1.29525	1.74268
-5.91865	-2.2279
-10.517	-3.23733
-11.9372	-5.23098
-12.9704	-8.00229
-12.2705	-9.35671
-10.4318	-5.41898
-6.68711	1.91288
-5.72181	1.09376
-4.21619	1.30278
-4.90859	0.971147
-6.06606	0.781384
-7.54019	1.95224
-10.2505	3.5834
-2.19671	-3.91532
3.19068	-10.8013
3.18827	-11.7938
2.37657	-13.2598
0.990974	-12.1785
-1.27132	-8.47188
-3.78029	-6.14283
-5.13586	-3.00589
-7.04255	-2.86592
-9.25949	-6.61865
-10.0907	-9.08058
-12.3922	-9.82079
-14.9597	-10.9268
-16.6436	-10.9861
-15.9595	-10.173
-16.3713	-8.98801
-16.8345	-9.24231
-14.7807	-7.35908
-11.4991	-3.19451
-7.10949	1.17236
-7.33525	-0.268669
-7.4195	-3.49229
-5.60468	-3.25256
-5.62424	-3.4496
-14.0124	-4.86791
-16.5272	-3.99309
-12.222	3.31857
-9.15232	2.80752
-14.3371	2.68844
-11.7583	-7.98002
-8.86107	-10.3781
-4.14625	-8.54843
-0.833581	-6.80686
-3.09178	-1.48234
-2.79686	-4.27732
-2.63942	-2.73596
-2.87003	-0.930719
-4.14306	-3.26824
-7.77957	-8.24329
-12.807	-13.6185
-13.6581	-13.701
-12.0111	-12.6038
-11.3023	-13.8489
-9.81677	-11.5794
-8.52387	-7.4174
-3.4509	-4.77283
1.57635	-9.29472
2.38717	-7.15655
3.23755	-7.84035
2.22548	-6.31948
2.96324	-9.78593
-2.92943	-6.85576
-6.43594	-7.40475
-7.68916	-10.3671
-8.63379	-12.6922
-10.3549	-11.6522
-10.5718	-11.3896
-10.3857	-13.4043
-7.96915	-11.8345
-4.25458	-13.3003
-1.34752	-13.797
-0.0258433	-13.2124
2.35104	-10.3061
1.20017	-10.1166
1.51472	-10.5275
2.32275	-8.35279
0.346686	-5.17114
-0.233656	-4.2227
3.00655	-7.52724
4.11878	-6.0216
0.561426	-6.37306
-0.962371	-11.473
-7.42584	-9.41611
-10.6873	-8.43224
-11.736	-9.52261
-15.1119	-10.0657
-14.3791	-12.3746
-19.1821	-9.77233
-21.4777	-7.61341
-19.2178	-7.83571
-18.1884	-6.83166
-17.2343	-6.10377
-16.2482	-4.86871
-13.4615	0.699588
-11.2691	2.68633
-9.91558	-0.524918
-10.8044	-1.30332
-23.2853	-6.60034
-20.9709	-1.90772
-15.5639	-12.3557
-15.6846	-16.2345
-15.9211	-15.8285
-16.306	-15.8081
-15.9675	-16.8321
-15.824	-14.7815
-15.1252	-13.4379
-13.5759	-12.8304
-9.03417	-5.55759
-8.27588	-6.73648
-8.83834	-5.6239
-10.1653	-4.38865
-10.7257	-4.86786
-10.5577	-2.58542
-8.90515	-4.21228
-6.38696	-5.04894
-5.05213	1.32484
-13.0953	-2.92581
-25.133	-0.439955
-18.397	1.21044
-12.4098	-0.990556
-19.5214	-4.0062
-19.5309	-7.27435
-18.6748	-8.99863
-19.1632	-10.0319
-19.5968	-12.5703
-17.7247	-13.811
-15.7704	-12.2651
-14.3218	-12.2668
-14.8559	-11.1574
-16.6255	-12.8902
-16.9135	-13.8526
-17.6324	-13.2447
-18.1252	-14.4673
-17.094	-16.0174
-15.3084	-16.5432
-15.2898	-16.8548
-15.1572	-16.7185
-13.7218	-16.9719
-13.5928	-14.6919
-13.0066	-12.7773
-12.2985	-11.8596
-11.5041	-10.0806
-10.8617	-6.85029
-8.10185	-6.4212
-5.80002	-7.49946
0.418844	-1.56989
1.55046	-2.32917
-0.915484	-5.09497
-4.61642	-5.77234
-5.11406	-9.7217
-2.03893	-10.0507
-0.71512	-9.32287
-4.17736	-13.3726
-5.89833	-9.36447
-2.01891	-5.46945
-2.62368	-11.5122
-5.26087	-6.45755
-11.4043	-13.693
-11.5599	-7.35279
-13.3413	-5.88095
-7.97492	1.66111
-9.04925	0.318405
-11.4296	-4.93503
-12.7327	0.280699
-8.75994	2.64282
-12.9262	-0.947681
-13.6402	0.588368
-11.7245	1.66895
-9.76283	2.89652
-11.6175	0.00539094
-11.2197	1.05243
-11.2712	-0.365643
-13.334	1.85354
-12.3201	2.53309
-13.4275	-1.74446
-11.1969	4.55027
-13.0319	1.25618
-13.098	0.139755
-12.3877	0.34746
-11.9647	1.81016
-10.7299	-0.421706
-14.2559	-1.0344
-10.9597	2.30952
-11.103	2.71438
-11.7843	2.39428
-11.8637	3.22909
-4.38168	-4.9111
-17.2193	-10.1645
-16.9173	-11.2129
-12.4458	-7.95946
-16.1955	-11.5696
-14.005	-14.6959
-16.5222	-11.0726
-22.0628	-10.0616
-20.6548	-9.92434
-21.9546	-8.87621
-21.0847	-7.58248
-21.3275	-8.67175
-16.6385	-11.3602
-13.5968	-11.7178
-16.383	-6.51803
-14.9139	-7.36573
-15.0588	-7.988
-15.7261	-8.07207
-16.0551	-7.24957
-17.3389	-8.34599
-15.5205	-11.4942
-17.9976	-10.7844
-11.9701	-6.02994
-14.1756	-6.61742
-15.8474	-4.36364
-14.878	-0.783699
-15.7968	-2.59418
-14.6531	-0.0576493
-12.4834	0.424307
-11.2127	3.95326
-14.0724	-2.89409
-16.3829	0.445121
-14.342	0.384859
-12.8084	-1.67569
-12.614	-1.99043
-14.227	6.04212
-11.922	1.28686
-14.2645	1.74113
-12.5974	0.66436
-11.7821	5.40945
-10.9022	3.80319
-11.3751	0.465359
-14.4494	-9.5194
-14.3282	-10.2644
-15.7287	-11.2809
-15.1761	-10.6904
-13.7128	-9.13334
-13.6556	-9.02865
-14.5297	-8.09018
-14.4762	-7.38111
-14.6293	-6.89273
-13.8301	-5.25466
-12.9316	-2.84039
-11.6854	-2.25141
-12.3082	-4.24492
-14.036	-5.88029
-15.9559	-7.0008
-17.0286	-10.4408
-16.2397	-11.3688
-15.8072	-10.9156
-15.884	-11.8885
-13.1744	-8.9434
-10.826	-6.82514
-13.5658	-7.13737
-13.0819	-8.9942
-19.2582	-5.10598
-15.1166	-4.23833
-14.1249	-2.22853
-12.4435	1.5352
-4.90785	-2.59659
-13.4165	-2.89913
-15.2827	-6.15496
-14.2795	1.42566
-11.0786	-2.71122
-13.0354	-4.19134
-13.8101	-5.69516
-12.6354	-5.62629
-12.3252	-5.34151
-11.1036	-6.42366
-12.5996	-6.96143
-13.7288	-6.94358
-14.0848	-5.99709
-12.6147	-5.87288
-8.71026	-8.44299
-5.58095	-9.14377
-3.80185	-8.83536
-1.25055	-10.6799
-2.25167	-8.7013
-0.632508	-11.4323
-0.166464	-9.74056
-8.11735	-7.43069
-11.7031	-7.43616
-11.8806	-1.0253
-10.9271	-5.06502
-11.8303	3.1102
-11.2398	-2.5958
-9.8895	-3.19514
-12.2436	-2.74439
-11.2452	1.07502
-3.13631	-10.3871
-7.0672	-10.1411
-12.9849	-13.607
-0.319652	-8.31457
-8.30019	-16.6675
-4.6705	-7.83544
-4.61391	-12.7226
-4.43468	-11.9094
-2.64542	-10.3215
-1.41424	-10.772
0.25478	-10.3242
-3.21546	-12.602
-3.18015	-11.6744
-3.698	-13.8943
-1.54946	-9.06785
-3.11086	-12.8938
-5.36279	-16.2643
-1.84556	-12.0698
-5.31804	-6.79537
-6.16904	-8.18901
-4.68095	-13.1912
-3.45258	-10.4425
-5.70943	-9.86826
-4.34444	-4.16856
-7.1505	-5.93612
-10.8283	0.768773
-9.31895	1.48427
-10.9466	-0.990687
-11.7218	0.423033
-10.0262	1.55912
-11.9692	5.74775
-10.8906	3.7385
-11.6088	3.03193
-10.3035	5.21923
-11.1988	3.22471
-13.463	2.16436
-12.7746	3.76956
-11.9555	2.97496
-9.14305	5.09356
-13.8102	1.95909
-12.5204	1.2856
-13.0847	2.24651
-10.8225	7.00712
-10.6367	1.19855
-10.2663	5.2206
-10.1651	7.02962
-5.63229	-4.15243
-0.669576	-13.55
-0.0648824	-14.2458
-4.15688	-11.8277
-3.02045	-11.6418
-3.42503	-10.1507
-3.40923	-8.63593
-5.46774	-7.01363
-9.0442	-5.83266
-11.422	-5.69913
-11.5098	-4.35117
-6.90877	0.538151
-11.9307	-2.99443
-16.3802	-3.47007
-14.622	-3.01324
-9.22785	-1.65148
-11.0746	-4.08946
-8.31542	-7.46585
-10.5601	-3.94333
-11.6593	-4.0485
-10.0584	-6.0575
-11.4682	-6.35502
-15.1849	-7.35907
-20.5919	-7.35868
-20.1021	-5.5191
-19.7333	-6.19154
-18.8915	-5.35327
-17.5523	-6.44324
-16.5377	-6.73164
-16.4906	-6.03789
-10.4943	-2.20481
-6.62323	-2.76796
-5.62174	-1.05234
-4.62495	-3.09149
-2.6076	-2.38111
-2.93962	-4.28267
-4.71207	-1.47822
-6.3592	-1.73
-12.2857	-6.84073
-15.0193	-10.1903
-16.6931	-12.3567
-17.1809	-12.5381
-17.1034	-12.3501
-15.7038	-12.4026
-12.6913	-10.3757
-11.5436	-8.41291
-5.9742	-9.48043
-1.70622	-9.00292
-0.237272	-8.28409
0.442712	-8.16495
1.78305	-3.79267
-6.4684	2.60233
-8.35176	-0.805909
-6.84273	-0.180455
-7.36861	0.304255
-9.38605	-0.666401
-9.38525	-2.44436
-7.84118	-5.33043
-6.46629	-8.25458
-5.9491	-8.52645
-4.68046	-7.83113
-3	-7.46491
-2.16912	-7.75643
-1.1833	-4.14654
0.23623	-4.24205
2.89701	-5.5401
0.0801103	-5.99367
-0.0600532	-5.52498
1.4424	-5.4076
-4.15839	-1.05546
-6.29376	0.848493
-10.2079	-2.45194
-10.8134	-4.32532
-12.2208	-7.06519
-13.6698	-7.40809
-14.1886	-7.87979
-14.8967	-8.56033
-15.3952	-9.20383
-15.5652	-8.39302
-15.9729	-7.51224
-14.5271	-4.65023
-11.5732	-1.91104
-5.35116	-2.56333
-7.91001	-6.61965
-17.8646	-8.48134
-18.4508	-9.29782
-15.584	-8.70789
-16.5056	-5.53011
-17.9186	-6.99124
-19.1984	-9.44245
-20.8364	-9.89669
-19.8397	-8.47541
-18.7583	-6.31776
-16.5946	-5.62016
-12.3839	-4.13514
-6.37908	0.868967
-14.209	-0.612326
-16.04	-3.77722
-20.7736	-2.32044
-22.3811	1.385
-12.6006	1.50397
-18.8477	-1.51734
-18.9741	-3.87396
-19.6731	-4.32607
-18.2709	-5.11968
-17.614	-8.83437
-8.87787	-1.87471
-7.37573	1.54821
-9.55014	0.727661
-10.7717	-2.71015
-14.3347	-7.76077
-15.8803	-12.7471
-17.9883	-12.801
-18.8356	-9.73449
-19.1184	-8.55354
-19.1533	-8.74768
-19.9271	-9.27732
-20.0261	-8.9102
-19.5851	-9.89745
-18.412	-11.1972
-18.9596	-10.4195
-18.1026	-12.1106
-15.8597	-12.5058
-15.233	-12.1543
-10.9259	-11.5545
-9.88628	-10.0618
-7.27008	-5.2291
-3.67769	-4.90122
-7.2516	1.21426
-7.61318	-1.50035
-10.0191	-1.27379
-16.6564	0.0014298
-14.2668	-3.46924
-14.1199	0.875548
-9.43783	-5.37667
-13.0897	-7.77751
-20.9573	-4.55087
-19.725	-4.72712
-18.4641	-5.23899
-18.1035	-5.81633
-17.9548	-5.9071
-17.3711	-5.54639
-15.7588	-6.57535
-15.0802	-4.31667
-12.6565	-2.11246
-9.64865	2.07407
-6.69817	4.77198
-6.33615	9.49676
-7.85984	4.90247
-9.27411	0.620382
-10.903	-2.38331
-10.2503	2.12724
-8.50494	2.09362
-11.7908	-0.806559
-10.2243	1.8505
-11.7093	-0.104196
-10.4308	1.27977
-11.2704	1.79508
-8.54832	-2.00848
-12.7995	1.19057
-12.8395	1.97915
-12.873	-0.342299
-12.8174	0.348523
-11.9262	-3.62254
-10.8288	2.07032
-9.01298	0.665845
-7.18634	-1.57729
-11.3198	2.91567
-12.7257	-2.80699
-10.2192	1.71269
-11.984	3.93039
-18.6387	-6.35797
-22.6162	-7.51504
-22.6227	-8.33726
-22.3598	-8.17097
-19.4485	-7.47488
-17.7521	-8.71003
-16.8207	-9.77608
-15.6198	-9.31502
-12.3885	-8.16783
-11.838	-7.82188
-9.6009	-5.89356
-5.6869	-5.03893
-2.31835	1.61357
-10.6974	-0.28228
-9.63483	-3.79721
-8.74938	-4.93861
-13.2492	-3.69818
-7.4952	1.18408
-12.4286	-4.05993
-14.973	-2.78077
-7.8244	0.234529
-18.9449	-6.59939
-19.4113	-4.78798
-18.9891	1.49812
-15.9035	6.0001
-13.6446	4.46175
-12.5094	-3.80337
-15.1889	-8.87113
-14.8579	-9.64481
-14.1132	-8.69983
-14.0869	-8.92524
-15.332	-10.3514
-14.0636	-10.0403
-13.8993	-6.90284
-15.9745	-5.80026
-12.2879	-4.69887
-4.67089	-3.46239
-2.12289	-0.625192
-5.73091	-3.48582
-8.56511	-3.34105
-7.02325	-5.30461
-10.0663	-4.43293
-10.2386	-0.428491
-11.9631	-4.2516
-8.64335	-5.04161
-13.2638	-9.3053
-15.1639	-4.48377
-14.1033	-3.37266
-1.94397	0.773258
-3.53206	-2.23053
-5.91375	-1.49377
-5.80479	0.537702
-6.28218	2.21604
-13.7895	-10.6315
-17.0447	-9.91401
-18.4467	-10.7355
-18.6181	-9.98505
-17.5125	-11.7603
-15.6395	-14.5939
-14.3143	-14.517
-15.1078	-9.85713
-13.1718	-7.25019
-10.835	-3.19649
-7.93885	-3.4183
-6.27137	-0.566428
-6.29966	2.79733
-15.24	-2.83391
-9.68141	-1.24462
-13.8419	-6.04122
-10.7778	1.50382
-12.4398	-6.28623
-11.2433	-1.03734
-14.683	0.928307
-13.283	0.999197
-17.1495	-9.95571
-13.4608	-0.0548386
-15.7562	-3.28221
-18.83	-0.795987
-16.778	2.70332
-12.2011	2.70401
-14.9726	-4.30623
-13.207	-8.72796
-13.2955	-8.23193
-12.6756	-8.45767
-11.464	-8.71491
-12.5826	-9.57872
-12.589	-9.25885
-11.8361	-8.58061
-10.8888	-8.11435
-11.0762	-7.20521
-11.5804	-9.26842
-10.7617	-10.5138
-10.3729	-12.9506
-11.6678	-14.5887
-13.5888	-14.6387
-14.7828	-12.7655
-16.9764	-11.2681
-18.084	-10.3878
-18.1686	-9.38263
-18.9484	-9.30027
-17.892	-9.88214
-16.4486	-7.79582
-15.5963	-7.56872
-13.7931	-5.42385
-15.1203	-4.4484
-16.0568	-5.16086
-17.6725	-6.55178
-19.2461	-8.92461
-19.5158	-10.2264
-19.5445	-9.37459
-20.5529	-9.94403
-21.1014	-10.1873
-19.9794	-10.691
-16.6283	-13.303
-16.1024	-13.3762
-14.4781	-11.6128
-12.6697	-10.1954
-12.3962	-8.33556
-12.7868	-4.23711
-14.5992	1.05301
-10.3634	-0.225031
-4.4054	0.0233427
-6.11555	-3.49605
-7.05535	-3.97629
-8.27307	-3.7831
-11.3526	-2.8602
-11.1117	-3.7295
-13.1864	-4.04291
-13.5163	-5.78307
-12.9177	-5.53503
-12.5011	-7.2411
-12.2194	-9.42491
-12.1238	-9.55134
-11.1749	-8.06971
-11.3761	-4.08475
-8.32098	-4.71651
-2.13051	-3.8612
-3.52514	-4.3215
-8.15037	-4.96964
-16.0192	-9.2833
-11.9734	-5.3611
-9.32638	-4.78258
-8.47758	-5.61788
-4.46917	-6.92322
-5.25575	-13.177
-3.36827	-15.3614
-0.431408	-11.4084
-2.29326	-13.4842
-3.65291	-14.238
-0.793692	-4.06172
-3.50988	-1.34077
-10.1546	-2.11788
-12.7873	-0.348393
-15.71	1.31851
-9.82893	-1.84276
-16.212	-9.84434
-16.6718	-12.4557
-16.2215	-14.0466
-18.4504	-11.9865
-20.2248	-12.1518
-21.1482	-15.4244
-20.2577	-15.1622
-20.8708	-10.7538
-20.8741	-9.56449
-21.2374	-10.5896
-20.638	-10.5418
-19.6461	-9.48192
-18.2206	-8.47041
-17.865	-8.14441
-16.7518	-6.59784
-13.2436	-2.6223
-11.4627	-2.83397
-13.6505	-8.24895
-13.9578	-7.95998
-15.3634	-7.01545
-13.7592	-8.69582
-14.0079	-9.83735
-14.4895	-11.3059
-13.2383	-10.9227
-12.98	-9.33964
-14.0999	-8.26762
-15.4905	-6.23424
-12.1778	-7.00765
-6.46332	-4.96122
-5.04305	-1.66082
-4.8376	-4.74991
-10.0153	-8.53152
-6.05099	-5.84484
-6.59009	-4.33385
-7.61421	-11.3248
-10.2603	-9.00303
-10.2393	-12.4011
-10.3877	-8.42127
-10.8128	-5.42147
-17.9995	-1.74623
-12.5554	-2.0991
-11.0272	-0.213207
-13.3947	-2.03063
-13.0942	-1.41958
-8.38067	3.91925
-10.1117	1.32186
-9.01612	0.666918
-12.2755	-1.1266
-11.0284	-0.16436
-16.4477	-6.19254
-10.1536	-5.26052
-13.988	-7.11964
-11.213	-4.98754
-11.2423	-4.52217
-7.93002	-8.07799
-5.13178	-6.55613
-8.61929	-17.3965
-5.18875	-14.887
-1.73184	-14.1769
-1.24074	-13.111
-3.9583	-11.9586
-1.44314	-9.7503
-6.55079	-11.7297
-0.776943	-7.98853
0.13862	-7.62503
-2.06528	-4.98032
-9.6836	-11.2742
-11.8164	-8.18402
-11.8072	-10.7709
-10.6544	-7.85756
-11.381	-10.3044
-8.82833	2.14842
-15.6548	-9.4089
-18.8367	-9.46238
-19.617	-9.68383
-18.6832	-11.5846
-19.153	-10.7952
-19.8478	-11.2872
-19.4579	-13.3788
-18.2545	-12.9512
-16.6186	-12.6029
-14.6287	-12.3212
-11.5213	-13.5806
-11.893	-9.1535
-12.887	-9.42207
-13.4365	-10.6158
-15.8161	-7.27037
-18.2877	-5.99286
-20.4089	-1.07758
-17.9732	3.6533
-13.8284	-0.575283
-15.4367	-5.68669
-15.1566	-8.02903
-14.6464	-7.21312
-15.8774	-7.49488
-16.709	-6.06913
-17.9049	-5.47673
-18.3347	-4.60483
-19.7146	-3.75762
-20.7768	-5.18916
-21.2578	-6.49013
-20.9083	-7.0578
-16.5959	-7.53843
-15.9972	-10.1381
-17.3646	-8.75652
-21.3597	-11.738
-23.8204	-5.64626
-17.8974	-4.28637
-15.2596	-3.20441
-16.0477	-1.22925
-18.1345	-3.29102
-14.5062	-3.78758
-16.7413	-1.33346
-11.6747	1.2155
-11.4829	-1.90335
-14.0598	0.807631
-11.3133	-8.73263
-9.81588	-12.0235
-12.1765	-12.397
-9.02325	-13.2184
-9.17814	-13.9761
-12.4967	-11.7666
-17.9225	-12.0635
-19.0294	-8.31749
-19.527	-6.81919
-18.2076	-7.03052
-16.0185	-7.7869
-15.0619	-6.94896
-10.8335	-1.76059
-4.20557	2.58036
-2.57613	0.646144
-3.30634	1.29453
-3.57856	2.18911
-2.94284	2.55144
-4.60702	1.12304
-4.88284	1.99689
-4.35147	-0.692599
-4.35089	-3.36063
-5.02253	-1.64818
-4.29621	4.06024
-11.8308	-7.16271
-14.2259	-8.51031
-16.0214	-6.60437
-9.54355	-7.59422
-7.04428	-0.606858
-10.9436	-6.79748
-18.8245	-5.37633
-18.957	-7.8989
-21.6297	-6.56051
-21.3457	-7.70675
-19.8357	-7.66329
-20.1175	-7.57652
-19.7734	-7.45144
-19.1536	-9.70442
-20.1431	-8.9395
-19.7403	-10.8591
-18.0595	-12.1564
-16.3994	-13.6675
-14.0483	-13.9795
-13.3537	-13.6543
-13.3695	-14.1371
-13.226	-11.7647
-16.141	-13.292
-17.037	-13.335
-16.9233	-14.9473
-17.7264	-12.4159
-17.5101	-9.68043
-16.9959	-8.87304
-15.9306	-7.34952
-15.3126	-6.46976
-14.3097	-7.74676
-13.506	-5.5222
-15.2243	-6.04239
-15.1246	-5.51453
-16.4486	-5.02066
-13.715	-5.35497
-14.4981	-3.92681
-13.654	-3.01872
-13.2745	-1.33243
-10.8393	-1.75639
-11.2305	0.783968
-6.27482	5.58854
-4.54495	5.43776
-6.08898	8.14414
-6.08456	6.22628
-11.9887	1.28716
-14.0663	3.9274
-12.7276	1.0764
-12.9593	1.76904
-9.69827	4.38517
-10.2719	4.41588
-10.1408	1.71891
-10.1054	5.45166
-11.0137	3.89355
-12.0593	2.19762
-11.9169	6.5928
-13.427	5.44704
-12.2239	5.5069
-14.3006	3.75367
-12.107	4.72004
-5.62619	6.25203
-3.40279	-2.62996
-5.87072	-0.22173
-6.48485	-1.04117
-4.88304	-1.31737
-7.32408	-1.72472
-7.00416	-0.815786
-11.277	-2.92253
-12.2021	-2.6887
-13.2986	-3.51138
-13.0668	-2.79767
-12.3107	0.422779
-12.9146	-1.42158
-14.6068	-5.56577
-17.309	-7.16538
-19.0127	-8.0387
-19.6133	-8.039
-20.1694	-8.57987
-20.7128	-7.67166
-20.358	-6.20694
-19.7878	-4.90636
-18.0564	-4.1364
-9.55048	-6.38605
-5.35453	-0.398133
-6.64934	-2.51145
0.361561	4.27102
3.40227	6.7976
5.3274	2.52053
5.17097	0.23007
8.25634	8.08014
1.54857	4.16894
0.663216	4.66672
-3.16728	-8.21543
-6.81627	-7.76508
-7.43823	-10.0504
-9.02375	-11.4494
-9.36542	-11.4906
-9.98582	-10.8829
-10.8115	-9.83722
-11.0915	-7.28773
-4.10164	-10.5262
-1.60466	-2.41415
-3.5277	-4.05106
-6.34944	-7.7263
-4.89713	-5.75256
-4.92414	-2.93065
-3.24747	0.193189
-3.60112	1.64611
-6.31637	-1.30171
-7.43659	2.04028
-11.9917	-2.09113
-7.31032	1.79104
-11.1131	-4.83206
-18.1946	-8.84978
-18.7501	-10.5263
-18.873	-9.03999
-17.8691	-6.56918
-15.1331	0.542639
-5.31457	-0.186017
-11.3056	7.54708
-15.5088	-3.86091
-14.1924	-7.51709
-14.5245	-9.01386
-14.0088	-9.27137
-11.4154	-9.13972
-10.2215	-7.99413
-8.43478	-6.91267
-8.17186	-8.52764
-3.20334	-0.917508
-0.692623	-1.94308
-1.51554	0.266715
-4.23748	2.16247
-6.89897	-2.11511
-6.85131	-3.87997
-9.80381	-7.50617
-3.963	-8.22554
-4.75132	-7.97397
-3.46421	-9.1222
-4.40711	-8.1756
-4.68681	-7.57902
-2.63923	-7.43826
-1.88634	-8.18276
-2.55283	-7.75014
-3.04445	-8.45282
-2.80923	-8.37431
-2.16552	-8.57798
-1.7387	-7.71144
-2.01311	-7.14822
-1.29188	-10.2226
-1.14566	-8.78174
-1.92451	-6.12037
-1.18365	-4.91494
-0.0959479	-0.20423
0.386829	3.10429
0.571046	-3.67441
-0.534071	-5.28511
0.415308	-2.4558
1.36645	-0.954264
0.117583	-0.253043
-4.35438	-6.10365
-6.00801	-2.60841
4.85718	-5.52467
2.5012	-5.253
-2.4293	-6.01263
-8.72013	-6.41478
-13.1233	-6.38337
-14.3744	-7.07651
-17.8669	-8.04518
-19.0352	-8.44511
-19.2041	-8.52936
-19.6326	-9.51155
-19.8305	-9.81565
-20.5671	-11.2557
-20.4252	-10.4135
-20.2673	-12.2841
-18.9548	-13.3172
-16.3125	-13.3454
-15.0325	-11.8667
-11.7078	-8.41142
-5.09363	-9.39743
-6.04452	-7.86897
-3.77221	-7.9484
-2.27043	-8.79984
-2.16912	-6.65651
-0.581831	-7.906
-4.48341	-5.77906
-4.97966	-8.2873
-8.53024	-2.0451
-8.64184	-0.516351
-9.6268	1.6627
-14.0315	1.23267
-16.598	-2.1351
-18.4497	-3.24213
-19.0372	-6.28403
-19.1838	-8.07876
-18.6407	-7.95053
-18.9249	-8.18145
-17.3738	-6.80754
-16.7397	-3.27999
-8.71222	-4.26381
-0.727317	0.804863
-1.69455	-4.2839
-4.88745	-6.8588
-8.62593	-6.77825
-1.89762	2.7586
-10.9268	-2.76568
-11.7546	-0.707836
-12.0524	-0.782237
-10.8004	-2.8762
-13.1739	-5.16477
-10.2092	-2.58448
-3.58237	-12.1094
-7.54443	-3.87406
-6.68294	-8.84255
-11.9193	-9.98038
-14.5909	-10.2915
-16.0517	-9.71212
-15.7953	-5.91945
-11.2212	-6.515
-2.18397	-3.75096
-1.50812	0.503328
-5.01845	-7.67217
-11.1042	-7.54383
-7.09735	-10.5726
-7.45772	-9.65984
-7.35376	-11.2752
-8.83962	-10.3284
-8.95817	-7.38215
-13.1906	-9.05358
-11.4117	-8.77898
-12.2432	-7.70168
-16.9087	-6.6225
-19.4685	-6.87777
-19.2378	-8.08088
-17.1762	-8.11147
-17.9721	-6.45594
-13.4183	-0.664568
-19.521	-5.4917
-18.527	-5.59775
-17.3433	-5.78003
-16.1881	-6.95774
-14.3503	-7.42812
-13.6709	-9.55534
-14.2512	-8.7295
-16.4692	-9.05818
-17.5727	-9.78121
-17.4436	-10.9877
-17.1245	-8.88866
-15.1424	-7.77664
-14.3815	-8.58245
-13.053	-10.9524
-12.7701	-11.1035
-11.6308	-12.3353
-10.269	-12.285
-8.45331	-12.4692
-6.00407	-12.2858
-4.43188	-12.7324
-3.44909	-12.974
-2.28767	-13.8743
-2.20667	-12.4611
-1.61581	-13.4129
-0.179718	-13.6968
-3.56664	-7.58048
-0.497135	-10.3122
1.8589	-7.2747
-1.19879	-1.13831
-2.53327	-0.869689
-4.55327	-5.44303
-10.4024	-8.48342
-5.3733	-11.8982
-8.31257	-11.0317
-2.80296	-8.91073
-2.47802	-3.39025
-8.50173	-8.81642
-7.92235	-7.79565
-6.60313	-13.3976
-6.83459	-8.41486
-5.92354	-8.98246
-10.7473	-7.49339
-8.96547	-7.63495
-7.69182	-5.21957
-11.9527	-8.83695
-10.0006	-5.83081
-8.55239	-5.89631
-8.78306	-7.27179
-9.08783	0.372736
-12.6417	0.140584
-13.3787	3.95786
-13.8	7.58869
-12.703	2.80682
-11.3823	0.686922
-10.941	-0.185261
-10.4381	1.44378
-13.0377	1.61746
-9.9013	5.05181
-12.3881	-3.79041
-16.3557	-9.5195
-17.0969	-6.68576
-19.085	-2.59935
-17.4744	-9.2523
-16.733	-8.8239
-17.0787	-8.5296
-16.2643	-6.63195
-12.1423	-4.07826
-5.56987	-7.68486
0.369654	-9.64703
2.51424	-2.33603
1.80182	-2.38457
-3.70613	-6.45908
-2.52527	-6.58814
-2.45292	-2.49281
0.397471	1.18454
-5.5871	1.25566
-5.92532	1.41334
-6.00609	0.270845
-5.80832	1.80419
-10.3603	-0.724223
-11.1386	-2.42219
-8.98646	-4.68186
-6.75537	-8.88212
-4.69393	-10.0706
-3.01803	-10.9738
-1.09622	-10.3176
-2.67017	-12.0898
-2.74476	-6.17973
-6.1028	-4.95567
-4.37754	-4.45909
-4.25282	-6.31738
-5.85129	-2.91547
-1.96609	-4.30589
3.10185	-7.16135
1.54395	-7.46273
-2.73118	-10.9579
-10.4352	-9.3068
-11.5793	-8.45433
-13.7838	-9.88946
-15.9921	-9.12649
-18.3064	-8.72885
-17.8365	-5.41511
-18.2111	-4.93004
-9.67601	-4.6651
-4.03195	-0.355813
-10.0858	-0.934235
-9.05175	-3.26249
-14.9426	-2.89774
-14.6073	-4.12729
-11.0047	3.12584
-11.8279	-0.774928
-11.9941	3.14041
-12.7606	-6.01755
-7.53382	0.850565
-7.46047	-1.23591
-12.8011	-6.59518
-13.3827	-9.36889
-13.1709	-9.4862
-10.6511	-8.8715
-8.78187	-8.54516
-5.48752	-7.05983
-3.50521	-5.3964
3.47824	-11.7709
4.38334	-9.09553
4.81055	-4.30565
8.44976	-3.23277
6.36533	-5.21226
6.28173	-4.72192
7.13685	-9.50667
5.4628	-12.1152
2.49841	-11.22
2.24986	-12.9203
0.655993	-13.756
0.351791	-14.3669
-1.21916	-14.9976
-2.48293	-12.4063
-5.38075	-8.35344
-2.66116	-7.58845
0.740078	-1.12698
-3.15633	1.00093
-3.41809	0.762672
-3.65427	-10.1742
-3.31609	-8.4988
-9.8498	-11.3507
-20.9281	-12.5163
-19.763	-13.5544
-18.6656	-12.5805
-19.7247	-12.1088
-19.4722	-11.4418
-19.0423	-6.41176
-17.9876	-5.21455
-18.2088	-6.9099
-17.874	-7.79324
-18.4648	-7.18588
-18.8389	-7.29235
-17.9856	-6.90679
-16.4292	-8.798
-13.0642	-8.19732
-5.75173	-4.24865
-9.72769	2.91116
-5.95544	2.6415
-10.9452	-0.150536
-9.22637	-3.93309
-9.20916	-12.1883
-13.546	-8.57293
-14.8285	-10.1444
-14.8195	-9.13419
-15.865	-10.4642
-16.786	-7.20278
-17.5286	-0.724571
-17.8332	1.17654
-18.2875	-2.59929
-18.6602	-6.06148
-19.6083	-7.44824
-21.3057	-9.19018
-20.9189	-10.0623
-23.3987	-8.92598
-22.8856	-9.20198
-19.6267	-12.2455
-19.687	-12.4112
-19.1669	-9.93749
-20.5453	-8.00229
-20.1397	-6.84527
-17.9265	-7.69573
-18.1837	-7.55764
-16.3682	-8.40048
-14.6933	-9.08238
-13.2368	-9.32468
-13.5228	-6.82574
-11.8898	-7.56044
-9.1335	-8.29386
-9.06427	-6.56982
-7.9797	-4.95123
-6.00405	-6.55539
-6.95506	-3.37874
-4.37934	-5.3649
-7.49649	-2.39139
-8.57311	-1.01703
-10.0241	1.93414
-10.6689	1.52002
-9.71338	3.83224
-10.3687	5.23602
-12.2439	2.37928
-14.5176	3.32564
-12.2657	0.811097
-10.5566	1.9991
-12.0911	2.76998
-10.7255	-3.17041
-12.3837	-17.6978
-10.0267	-19.7353
-10.0786	-15.6798
-13.0908	-15.5362
-12.5736	-14.8407
-9.96951	-17.1323
-14.0653	-12.9021
-15.7763	-8.0915
-15.3554	-3.22338
-12.4603	0.964052
-11.0298	-0.0137311
-11.06	-0.320871
-15.9798	-3.09665
-15.0485	-5.11331
-15.1161	-5.64736
-15.9984	-5.10813
-16.4489	-4.78921
-16.757	-3.60693
-17.139	-3.57235
-16.2201	-4.24889
-15.9448	-4.73714
-15.8073	-4.6718
-15.0575	-4.19898
-14.514	-4.63313
-14.2406	-5.02782
-14.557	-4.89945
-14.9474	-3.96807
-14.6008	-3.96799
-15.1502	-6.47613
-14.2333	-7.19504
-14.9017	-8.24743
-16.0734	-8.61759
-16.8559	-8.24069
-17.2156	-7.75711
-16.6593	-7.41405
-17.0829	-6.27461
-16.7146	-6.2154
-16.1423	-7.06487
-15.9368	-5.99705
-15.3756	-6.29156
-15.3204	-6.66526
-14.5989	-6.16705
-13.2255	-6.31243
-11.4401	-7.22911
-9.55966	-9.4339
-7.00019	-9.08569
-3.39757	-6.50223
-3.35123	-6.82717
-2.97165	-7.88513
-3.49452	-7.82875
-1.55572	-8.14371
-5.61734	-10.1406
-7.54868	-11.5188
-10.1091	-12.5741
-12.8252	-11.3228
-13.8271	-10.3408
-15.3495	-8.56992
-16.0882	-8.40087
-16.3932	-8.15336
-16.7091	-8.22248
-17.7547	-9.39989
-17.268	-9.71115
-17.6297	-10.9927
-16.8772	-10.7033
-15.0773	-10.6231
-14.0182	-10.8611
-13.9945	-9.57027
-15.4254	-9.29865
-15.5892	-11.0251
-16.5882	-11.0454
-17.1977	-11.0033
-18.4503	-11.488
-19.1624	-11.1518
-19.4639	-10.6062
-18.5758	-8.89025
-18.9394	-8.38659
-18.4056	-7.28373
-19.1732	-7.54655
-21.0728	-6.28215
-21.9693	-6.76282
-20.6872	-9.47322
-17.128	-12.1929
-18.0582	-11.0272
-16.9308	-9.32837
-18.4269	-6.90955
-15.8743	-6.95229
-13.201	-6.94429
-15.5837	-7.46614
-17.0083	-5.3643
-14.7023	-4.55372
-14.8371	-1.88571
-14.7083	1.45248
-13.3789	2.3541
-13.1402	3.05923
-12.8563	-1.81423
-13.9565	1.64632
-13.4902	0.770922
-11.1995	3.39171
-11.8638	1.45451
-12.6456	4.11105
-13.0045	4.15375
-11.9153	0.298797
-11.1551	4.15007
-9.57308	2.88513
-7.54315	4.35798
-1.79961	0.366444
-4.06957	0.266386
-2.30511	-0.359318
-5.56797	0.336688
-4.87955	-0.244105
-6.41806	1.11665
-5.58991	0.0936278
-7.15762	3.87496
-5.85114	4.0776
-8.4968	1.98175
-19.7627	-4.08502
-16.5096	-3.30325
-16.1948	-1.93084
-15.3629	-2.43717
-15.3665	-0.847069
-12.7055	-0.593746
-9.62007	4.59466
-4.48842	2.68068
-5.50775	0.159947
-1.90531	-1.33263
-1.69945	-1.28197
-0.563552	-1.21923
-2.7482	-0.736554
-1.98481	-0.468807
-1.00704	-0.326415
-0.495164	-4.5518
-4.35092	-1.48435
4.50642	-11.132
2.21455	-9.33353
-3.71074	-9.57827
-9.03134	-9.00465
-12.2907	-10.2406
-13.4725	-8.65415
-16.5763	-8.16946
-19.5332	-7.39564
-20.0973	-6.08615
-21.8042	-4.53218
-22.6811	-5.16384
-21.5054	-5.84834
-21.9829	-6.33678
-21.3428	-6.61947
-20.2084	-8.91641
-19.3802	-9.52517
-15.5725	-9.66851
-15.8319	-10.6448
-16.7157	-10.1129
-18.4232	-11.1757
-19.7411	-11.3431
-21.0025	-10.3339
-21.1893	-9.75437
-21.2396	-9.63592
-19.8993	-11.2145
-21.2026	-11.2162
-18.9692	-12.6
-14.0516	-12.4792
-11.72	-10.4504
-15.0129	-9.07203
-16.1411	-9.88139
-20.025	-9.63266
-20.6467	-6.98848
-19.8578	-6.14741
-7.52368	-0.385863
-11.8869	-6.62818
-16.9738	-11.2386
-18.6808	-11.5652
-20.019	-9.1802
-18.5851	-9.36714
-18.8595	-8.02866
-18.6843	-9.22993
-18.5377	-9.99355
-17.3279	-8.95371
-16.2264	-9.76526
-16.2505	-5.89861
-14.2911	-5.83356
-12.701	-8.13324
-7.3305	-6.14816
-0.786043	-9.38587
1.0574	-6.48853
-2.96113	-5.34457
-4.25422	-9.17471
-0.222839	-4.35905
-2.55431	-10.4883
-6.64096	-11.5269
-13.0867	-5.8704
-12.2032	-6.81786
-13.9951	-6.38842
-15.7908	-5.75433
-17.9134	-2.40004
-15.6818	-0.106336
-13.6723	0.113119
-9.76119	-0.100088
-10.1061	2.07604
-8.15792	4.59508
-7.21371	7.43467
-7.34071	6.14146
-4.99919	5.80681
-10.1056	2.44409
-11.8404	6.15901
-10.5559	1.7687
-12.8829	4.92821
-12.2681	5.34891
-11.2765	2.71885
-13.3216	2.40448
-11.3781	3.46471
-12.4285	2.07475
-7.68034	3.87591
-13.6416	6.17284
-10.7123	2.59675
-10.4052	5.51239
-12.0251	6.5612
-10.0289	4.63154
-12.244	3.3458
-12.2882	5.9437
-11.3373	2.4693
-10.3533	1.04905
-10.3994	4.45629
-11.1012	6.18626
-9.93233	-0.154701
-25.8998	-14.4597
-20.605	-11.5283
-17.2941	-12.1789
-17.7088	-7.65732
-18.044	-8.93183
-18.0645	-5.7384
-21.4584	-4.65093
-21.7354	-3.45997
-19.7675	-2.27526
-20.368	-0.766364
-19.851	-2.52077
-17.3591	-3.65091
-17.4695	-2.59687
-16.8774	-3.02518
-15.9876	-3.81458
-16.3041	-1.23161
-16.3806	-1.36342
-13.3399	-1.25187
-9.84034	-1.01173
-7.12347	4.35519
-9.77074	4.76719
-10.9606	5.08186
-9.2816	3.81619
-10.9307	2.32851
-14.368	-1.46369
-7.48777	-6.82285
-8.8279	-9.94151
-10.3669	-12.025
-11.0851	-11.1333
-11.9834	-11.0769
-13.1557	-10.1
-14.0178	-5.64395
-11.1988	-6.39647
-3.40565	-3.50559
-4.37973	-3.51696
-5.31543	-2.38922
-8.17894	-6.85971
-10.4044	-3.50699
-6.48012	-0.231685
-4.68145	-0.723177
-7.9757	-4.46804
-12.039	-8.88157
-12.4624	-4.76332
-11.4823	-2.74721
-15.5502	-4.22661
-11.2209	-3.93539
-20.6483	-8.6103
-21.7069	-9.25709
-20.8987	-8.72539
-20.6826	-7.30431
-22.031	-7.41722
-22.6933	-6.95417
-20.3078	-8.28966
-8.69808	-3.80957
-11.66	-11.2025
-20.2832	-8.05101
-18.5477	-7.56875
-13.7772	-6.57757
-18.438	-8.14855
-19.1378	-9.39684
-18.3937	-10.4574
-18.4043	-9.61937
-18.1029	-7.67672
-18.5641	-6.52481
-17.1033	-5.99814
-9.6501	-3.70724
-3.80749	-2.48661
-4.62328	-2.87193
-4.60892	-1.5368
-3.77238	-0.819298
-4.43267	-2.01996
-3.66885	-1.02883
-2.64439	-2.95708
-3.53014	-4.41805
-4.21629	-3.52991
-1.89696	-5.30465
-1.29563	-8.73895
2.1175	-9.99421
1.94832	-10.8514
1.96536	-8.92885
2.17804	-8.56154
3.19155	-9.37513
5.26756	-7.70819
5.3899	-6.20447
2.00097	2.53222
-3.10308	-4.75422
-1.13165	-6.43946
-4.61388	-5.33586
-4.41487	-13.7979
-3.49556	-6.89839
-6.81774	-14.4817
-3.50687	-12.5998
-2.38501	-10.2024
-3.42661	-11.4021
-3.98012	-13.3132
-3.22981	-10.5889
-2.91007	-11.2022
-0.80195	-2.14945
3.35815	-4.74142
3.49551	-5.73902
0.424787	-2.0022
0.962442	-4.69987
1.09885	-5.63141
-0.565047	-5.80812
-3.35053	-6.80633
-7.18534	-7.17173
-10.409	-7.28111
-13.6939	-6.94571
-14.7949	-8.09579
-16.4545	-9.17542
-16.8726	-10.3391
-17.674	-10.8134
-18.7638	-12.3764
-19.4844	-13.501
-18.9719	-12.8064
-19.5882	-10.6318
-20.9494	-11.9425
-21.88	-9.99953
-19.8327	-10.4389
-17.6756	-9.14577
-15.3805	-7.70835
-14.652	-7.06644
-16.991	-9.32034
-16.1076	-3.52064
-12.5617	-0.762697
-13.7483	-3.19991
-14.3111	-3.04544
-13.8533	-2.5001
-13.7163	-0.892219
-11.8404	-0.761851
-11.8251	-1.34875
-13.6768	-1.06551
-11.0115	-1.63462
-11.73	2.70162
-11.7702	-0.734622
-12.6668	3.01779
-12.7473	3.43137
-13.6378	1.26139
-14.1462	4.17927
-10.4713	1.46484
-11.3777	2.1057
-15.3397	-5.81624
-12.0315	2.89887
-13.2493	2.63398
-10.8115	-0.507477
-6.87129	1.57333
-6.40691	-0.237554
-8.03332	-2.05745
-9.43504	-4.37882
-8.37559	0.253734
-5.92753	0.685211
-9.07506	0.841016
-7.6865	0.212593
-8.17299	-7.22713
-4.46209	0.324238
-9.29708	-2.94226
-7.11832	-2.08302
-6.92739	-1.32799
-10.5747	-2.67207
-9.93508	-5.59338
-7.91351	-8.25292
-6.65054	-8.4998
-6.36758	-10.448
-5.58701	-10.2133
-5.59453	-9.96931
-1.39063	-6.71406
-2.76585	-2.2609
0.0967968	-3.07164
-1.11567	-2.82553
-6.39989	-0.497699
-15.4813	-6.80152
-10.17	-8.81952
-15.0153	-10.7717
-16.3452	-12.6202
-16.4661	-13.5297
-16.7423	-9.61935
-15.9438	-7.45559
-10.3645	-7.89139
-3.31474	-5.14509
-3.85207	-3.77292
-7.02084	-10.6068
-6.72654	-10.1141
-3.93136	-9.48186
-9.95699	-11.062
-9.38789	-10.9048
-10.5359	-9.38434
-11.9316	-11.951
-8.87333	-9.97516
-5.21118	0.659907
-15.2333	-4.49285
-18.7425	-4.10368
-19.9865	-3.6197
-19.7651	-3.70253
-15.9881	-7.99196
-17.4586	-8.73132
-17.1816	-14.9802
-17.4188	-13.367
-16.0599	-12.645
-18.0873	-11.9913
-17.9037	-10.9238
-16.3558	-9.59828
-15.8454	-8.49129
-14.4658	-6.64574
-13.8114	-1.23436
-9.2526	1.17437
-6.96337	0.90084
-4.88091	-0.755582
-2.89992	1.9417
-4.70148	0.34173
-1.8577	-0.612052
-5.34701	-0.155229
-1.36641	-1.91554
2.34438	-3.26945
0.223221	-0.788503
-0.0923486	-1.08714
-1.16566	0.018687
-3.17233	-1.37993
-2.10907	-6.33135
-4.97397	-8.12194
-6.3253	-9.45009
-9.49299	-9.16063
-11.1872	-9.56207
-12.1284	-11.4717
-14.152	-14.0892
-18.9923	-13.8056
-18.1082	-12.1706
-18.0187	-10.9154
-18.9377	-10.9941
-18.3598	-10.0441
-18.2425	-10.3459
-18.5193	-9.65141
-18.6739	-8.20815
-17.5216	-4.68177
-10.4216	-4.67442
-10.0277	-3.38402
-13.7876	-7.2489
-12.8808	-11.2719
-10.4864	-7.89996
-5.80762	-3.08626
-5.78537	0.0543186
-10.3466	-0.68684
-13.2772	-7.40347
-13.0955	-5.5766
-12.3201	-7.0476
-13.9271	-2.76294
-14.7362	-4.91751
-16.8122	-4.29177
-13.2645	-4.20277
-10.067	-9.06768
-8.64314	-8.42648
-11.8071	-10.8822
-9.72326	-13.7797
-9.85534	-12.9617
-13.261	-9.31549
-8.88335	-6.24976
-3.43827	-1.50155
0.584907	-2.42555
-0.96942	4.4992
-6.03348	1.02854
-9.01717	-2.61213
-10.7958	-1.87273
-7.97441	-1.67723
-5.28437	3.59274
-6.73559	3.46345
-0.820199	1.52278
2.87626	-7.27317
3.98572	-10.9156
4.01695	-11.8595
4.82869	-14.1859
3.17072	-14.5924
-0.144326	-15.7305
-4.22769	-14.5263
-8.08141	-12.278
-11.3647	-11.6588
-13.1224	-11.4085
-16.4939	-9.05175
-17.879	-8.20013
-18.4118	-8.99826
-17.1012	-9.95906
-16.8112	-8.79008
-16.4836	-10.2279
-15.9272	-10.9814
-13.7427	-11.4817
-10.374	-11.1153
-6.37772	-1.83199
-4.74967	-2.24595
-3.2002	-8.63658
-1.98075	-11.2529
-0.206931	-14.0744
1.12152	-14.1473
0.196413	-13.9183
-0.523267	-13.483
-0.672605	-11.694
-1.93517	-13.6741
-3.01547	-12.8816
-6.54073	-11.6103
-7.88395	-6.37299
-6.41287	-7.59738
-7.37855	-3.5178
-9.94609	-1.81086
-9.44222	-3.20048
-7.61618	-0.632123
-7.50272	0.988852
-3.78124	1.90499
-8.34297	3.21039
-8.45179	7.64889
-3.48589	8.2598
-5.36415	6.49381
-8.45079	1.69528
-8.51163	6.6967
-12.3301	3.66778
-11.7312	1.48666
-12.7419	3.4085
-10.7127	0.940405
-10.8459	2.86696
-8.90774	5.46717
-12.0462	4.43967
-7.19081	-3.95417
-3.94257	-15.5299
-5.29357	-14.5603
-3.66641	-12.0823
-4.31197	-10.4531
-2.33646	-10.4856
-2.3462	-9.52459
-3.45188	-11.5036
-5.03337	-11.0748
-5.90945	-10.5359
-7.27832	-5.78753
-9.92651	-10.227
-8.14372	-5.45523
-11.582	-8.77205
-14.1775	-10.0484
-14.3564	-10.2117
-13.8907	-9.58728
-14.362	-9.04528
-13.6239	-8.24992
-15.0678	-3.51545
-9.5802	-2.11561
-9.91967	-2.82078
-14.0078	-0.479584
-17.8994	-3.13567
-17.671	-5.74
-18.9994	-8.12649
-20.2252	-9.05267
-18.7755	-9.18357
-18.5862	-9.71593
-18.9595	-9.99192
-19.0311	-8.25737
-18.6375	-9.38909
-18.5973	-10.7312
-17.4792	-11.1843
-17.6474	-11.5172
-18.5308	-12.6384
-18.4056	-13.6935
-18.9974	-12.5558
-19.1516	-10.6169
-19.4466	-11.2567
-19.722	-11.3732
-19.2011	-12.4836
-19.4681	-16.538
-17.5345	-21.1857
-15.1497	-22.3145
-13.2579	-23.0344
-13.1795	-23.4147
-12.9879	-21.8882
-13.3437	-23.5085
-14.1932	-23.2494
-14.2693	-24.1581
-16.1644	-24.4525
-17.7996	-20.53
-20.0348	-19.4893
-21.6546	-15.902
-22.3648	-14.8424
-22.0066	-11.7531
-20.6714	-10.6523
-19.651	-8.19783
-19.3286	-7.85527
-17.7487	-7.78338
-15.9592	-7.94839
-13.8608	-9.42375
-12.6137	-9.66128
-10.499	-10.4922
-6.96444	-12.3123
-5.86367	-11.0402
-4.39713	-11.1534
-3.27661	-10.5485
-2.09275	-13.7349
-2.95896	-11.9865
-1.98956	-9.88996
-3.04766	-8.41099
-5.51011	-1.54669
-16.9722	-1.46452
-14.4543	-3.58777
-16.1163	-2.22326
-13.9333	-3.08093
-14.5461	-5.29842
-15.4054	-3.64936
-12.4428	-2.0011
-15.697	-1.04508
-15.604	-2.79789
-16.6434	0.793068
-13.4049	-1.63559
-14.4312	-1.11445
-13.0571	1.90715
-13.3624	-3.86446
-12.7397	-4.53318
-14.2049	-7.74095
-12.8973	-1.35615
-18.5107	-7.21942
-18.1828	-9.45401
-14.1574	-4.8569
-16.097	-1.09955
-14.2727	-7.78682
-14.2229	-7.728
-11.5465	-5.62847
-13.168	-1.79487
-15.8283	-7.15745
-13.7651	-0.554128
-15.2147	-1.59338
-11.7906	0.601342
-11.934	1.77227
-15.8	1.56574
-13.8023	3.46986
-11.0705	-0.00602607
-10.5941	0.303661
-11.7903	3.63846
-11.9365	6.6479
-12.0132	2.27367
-11.5806	6.11167
-8.47496	3.28295
-11.0161	-0.115719
-13.2183	2.81603
-14.0769	0.992461
-12.4647	0.319009
-11.7876	1.58716
-12.926	-0.600894
-8.75631	0.457199
-13.2073	0.976168
-13.2283	3.54182
-11.0088	1.76297
-9.3333	0.40618
-9.73535	-1.58098
-11.7628	3.90667
-14.0408	1.60551
-11.04	2.26227
-12.0495	3.40927
-13.2405	1.42387
-10.749	6.59792
-10.972	-0.618057
-12.772	2.63389
-10.117	5.61366
-11.8266	6.52829
-11.474	2.45889
-10.0396	-0.376373
-10.6101	3.52466
-8.62754	0.218666
-11.445	-1.6371
-11.6876	1.46557
-12.3875	0.729986
-12.554	-1.35176
-18.0628	-2.90567
-20.4749	-6.37274
-18.0077	-8.31259
-20.2573	-8.38935
-20.7609	-10.2575
-19.5872	-10.4921
-18.4403	-11.9304
-16.7446	-15.3901
-15.0372	-17.2143
-12.554	-18.0078
-11.7661	-17.4824
-9.85283	-20.7633
-9.75562	-20.9852
-9.40589	-21.1188
-7.35692	-19.502
-7.01374	-16.3488
-3.32647	-8.89988
-2.87509	-10.3795
-4.00535	-11.0824
-4.17071	-10.1056
-4.18634	-9.49636
-2.22159	-10.2977
-3.62353	-9.12975
-4.98781	-5.46465
-2.31136	-7.70716
-4.39519	-0.483794
-9.98226	-4.4912
-16.9774	-14.2242
-14.3048	-10.429
-11.6561	-16.5985
-13.3511	-17.766
-13.4865	-15.0229
-13.3094	-14.3924
-12.7648	-2.17526
-7.34585	0.930467
-1.13869	6.29527
-3.91938	-0.162543
-10.4915	-4.72773
-5.36204	-4.22263
-3.65326	-4.79774
-7.34166	-3.75649
-8.84864	-1.46884
-9.73474	-0.981617
-12.2153	-0.622547
-8.44072	-1.12082
-10.1587	-4.48249
-15.2805	-9.44617
-16.1867	-10.7106
-18.2339	-10.5466
-18.6811	-10.8843
-18.2842	-11.6954
-14.9687	-11.4055
-9.63706	-7.85409
-4.9874	-4.24346
-4.60308	-3.67407
-6.22986	-4.24605
-3.21225	-5.52066
-2.71612	-6.78823
-5.61978	-4.24139
-3.4923	-0.469936
-2.07101	-7.57565
-12.3718	-9.5649
-16.3411	-13.0588
-16.342	-13.9498
-15.4643	-15.3308
-12.7356	-17.4117
-12.2609	-17.7805
-13.598	-17.4854
-12.5906	-14.2964
-12.5259	-12.1241
-7.91743	-13.3464
-2.76525	-12.0203
-4.43258	-2.44207
-7.2721	-3.0177
-12.5957	-5.85609
-12.185	-4.8851
-12.2119	-2.32099
-16.8696	0.152033
-18.4906	-1.52047
-17.0903	-2.15128
-18.4898	-4.93386
-18.8616	-3.5869
-19.0317	-3.98189
-17.689	-5.316
-16.2447	-4.94954
-13.089	-2.32506
-10.7349	3.58557
-10.7086	4.83615
-11.5585	3.66357
-9.682	1.8245
-6.12866	-0.48151
-2.67656	-3.3713
0.628298	-8.97389
2.42291	-11.5888
3.39746	-11.3723
3.23655	-11.1817
3.30907	-11.0943
3.90424	-12.9302
3.57754	-13.7228
5.70241	-17.2897
1.66674	-13.549
2.50559	-10.4285
1.42146	-8.42388
0.267598	-6.64822
-0.959843	-1.50395
-2.89609	2.19957
-2.22483	2.43242
-1.30469	5.32763
-3.59238	8.90575
-1.51323	10.0516
-10.2117	0.338403
-9.90065	4.91201
-10.6867	-4.64168
-8.73269	-0.799901
-10.2279	0.858133
-9.69262	0.777242
-12.2617	3.23785
